1001	ODESSA 2 0	115.00	-102.262348	31.906736
1002	PRESIDIO 2 0	115.00	-104.519139	29.888046
1003	O DONNELL 1 0	115.00	-101.647778	32.926389
1004	O DONNELL 1 1	230.00	-101.647778	32.926389
1005	BIG SPRING 5 0	115.00	-101.388333	32.2075
1006	BIG SPRING 5 1	13.80	-101.388333	32.2075
1007	VAN HORN 0	115.00	-104.624514	31.09348
1008	IRAAN 2 0	115.00	-102.201433	30.931467
1009	IRAAN 2 1	13.80	-102.201433	30.931467
1010	PRESIDIO 1 0	115.00	-104.3	29.6
1011	PRESIDIO 1 1	22.00	-104.3	29.6
1012	SANDERSON 0	115.00	-101.970461	30.028067
1013	MONAHANS 2 0	115.00	-103.161046	31.484586
1014	GRANDFALLS 0	115.00	-103.085134	31.169523
1015	MARFA 0	115.00	-104.005761	30.285296
1016	GARDEN CITY 0	115.00	-101.501775	31.763075
1017	ODESSA 4 0	115.00	-102.413607	31.725171
1018	NOTREES 0	115.00	-102.632933	31.799171
1019	MIDLAND 4 0	115.00	-102.132366	31.979427
1020	BIG SPRING 1 0	115.00	-101.1167	31.9925
1021	BIG SPRING 1 1	13.80	-101.1167	31.9925
1022	O DONNELL 2 0	115.00	-101.578617	32.929014
1023	O DONNELL 2 1	13.80	-101.578617	32.929014
1024	ODESSA 6 0	115.00	-102.630882	31.969312
1025	BIG SPRINGS 0	115.00	-101.22	32.039
1026	BIG SPRINGS 1	13.80	-101.22	32.039
1027	MIDLAND 2 0	115.00	-102.042298	32.321673
1028	COAHOMA 0	115.00	-101.246784	32.879511
1029	MIDLAND 3 0	115.00	-102.081464	31.992384
1030	ALPINE 0	115.00	-103.22236	29.802094
1031	FORT DAVIS 0	115.00	-103.759065	31.004969
1032	MCCAMEY 1 0	115.00	-102.2417	31.2092
1033	MCCAMEY 1 1	230.00	-102.2417	31.2092
1034	BIG SPRING 4 0	115.00	-101.302637	31.991442
1035	BIG SPRING 4 1	13.80	-101.302637	31.991442
1036	CRANE 0	115.00	-102.596253	31.186888
1037	ODESSA 5 0	115.00	-102.47409	31.799158
1038	FORT STOCKTON 1 0	115.00	-102.505808	30.772575
1039	FORT STOCKTON 1 1	22.00	-102.505808	30.772575
1040	ANDREWS 0	115.00	-102.697303	32.335729
1041	FORSAN 0	115.00	-101.3986	32.1408
1042	FORSAN 1	13.80	-101.3986	32.1408
1043	FORSAN 2	13.80	-101.3986	32.1408
1044	BIG LAKE 0	115.00	-101.172783	31.272551
1045	MIDLAND 5 0	115.00	-102.20166	32.053604
1046	OZONA 0	115.00	-101.331239	30.575618
1047	MONAHANS 1 0	115.00	-102.9633	31.5839
1048	MONAHANS 1 1	18.00	-102.9633	31.5839
1049	MONAHANS 1 2	18.00	-102.9633	31.5839
1050	MONAHANS 1 3	18.00	-102.9633	31.5839
1051	MONAHANS 1 4	18.00	-102.9633	31.5839
1052	MONAHANS 1 5	18.00	-102.9633	31.5839
1053	MONAHANS 1 6	230.00	-102.9633	31.5839
1054	STANTON 0	115.00	-101.754488	32.489818
1055	ODONNELL 0	115.00	-101.764414	32.92701
1056	LENORAH 0	115.00	-101.8367	32.2353
1057	LENORAH 1	18.00	-101.8367	32.2353
1058	IRAAN 3 0	115.00	-101.9208	30.8847
1059	IRAAN 3 1	22.00	-101.9208	30.8847
1060	IRAAN 3 2	22.00	-101.9208	30.8847
1061	BIG SPRING 6 0	115.00	-101.422436	32.273182
1062	BIG SPRING 6 1	13.80	-101.422436	32.273182
1063	BIG SPRING 6 2	13.80	-101.422436	32.273182
1064	ODESSA 3 0	115.00	-102.312423	32.001129
1065	BIG SPRING 3 0	115.00	-101.451385	32.100823
1066	BIG SPRING 3 1	13.80	-101.451385	32.100823
1067	BIG SPRING 7 0	115.00	-101.365434	32.102911
1068	MIDLAND 1 0	115.00	-101.918007	31.517628
1069	IRAAN 1 0	115.00	-102.0867	30.9178
1070	IRAAN 1 1	13.80	-102.0867	30.9178
1071	ODESSA 1 0	115.00	-102.3264	31.8403
1072	ODESSA 1 1	18.00	-102.3264	31.8403
1073	ODESSA 1 2	18.00	-102.3264	31.8403
1074	ODESSA 1 3	18.00	-102.3264	31.8403
1075	ODESSA 1 4	18.00	-102.3264	31.8403
1076	ODESSA 1 5	18.00	-102.3264	31.8403
1077	ODESSA 1 6	18.00	-102.3264	31.8403
1078	ODESSA 1 7	18.00	-102.3264	31.8403
1079	ODESSA 1 8	500.00	-102.3264	31.8403
1080	ODESSA 1 9	18.00	-102.3264	31.8403
1081	ODESSA 1 10	230.00	-102.3264	31.8403
1082	FORT STOCKTON 2 0	115.00	-102.355628	30.807272
1083	FORT STOCKTON 3 0	115.00	-102.790792	30.747459
1084	BIG SPRING 2 0	115.00	-101.2983	31.9361
1085	KERMIT 0	115.00	-103.138992	31.696251
1086	PECOS 0	115.00	-103.599914	31.803547
1087	SHEFFIELD 0	115.00	-101.78453	30.596998
1088	MCCAMEY 2 0	115.00	-102.2253	31.1392
1089	LAMESA 0	115.00	-102.133506	32.929648
1090	GOLDSMITH 0	115.00	-102.828333	31.995
1091	RALLS 2 0	161.00	-101.531037	33.658671
2001	PARIS 3 0	161.00	-95.344733	33.683869
2002	SAVOY 0	500.00	-96.367605	33.628143
2003	SAVOY 1	161.00	-96.367605	33.628143
2004	SAVOY 2	13.80	-96.367605	33.628143
2005	SAVOY 3	13.80	-96.367605	33.628143
2006	SAVOY 4	13.80	-96.367605	33.628143
2007	HONEY GROVE 0	161.00	-95.900109	33.615167
2008	MEMPHIS 0	161.00	-100.512868	34.857258
2009	IOWA PARK 0	161.00	-98.721096	33.973297
2010	VERNON 2 0	161.00	-99.773497	33.899813
2011	PANHANDLE 2 0	500.00	-101.310833	35.238333
2012	PANHANDLE 2 1	161.00	-101.310833	35.238333
2013	PANHANDLE 2 2	18.00	-101.310833	35.238333
2014	CHILDRESS 0	161.00	-100.809848	34.447226
2015	FORESTBURG 0	161.00	-97.445189	33.471617
2016	SHERMAN 3 0	161.00	-96.767394	33.627623
2017	PANHANDLE 4 0	500.00	-101.253056	35.4275
2018	PANHANDLE 4 1	161.00	-101.253056	35.4275
2019	PANHANDLE 4 2	20.00	-101.253056	35.4275
2020	WICHITA FALLS 6 0	161.00	-98.523064	33.943784
2021	PARIS 2 0	500.00	-95.5577	33.6968
2022	PARIS 2 1	161.00	-95.5577	33.6968
2023	PARIS 2 2	13.80	-95.5577	33.6968
2024	PARIS 2 3	13.80	-95.5577	33.6968
2025	WICHITA FALLS 4 0	161.00	-98.491046	33.864515
2026	WHEELER 0	161.00	-100.765905	35.830763
2027	DEPORT 0	161.00	-95.320088	33.482646
2028	WICHITA FALLS 3 0	161.00	-98.388757	34.004783
2029	SILVERTON 0	161.00	-101.287161	34.457478
2030	BONHAM 0	161.00	-96.240654	33.708311
2031	MATADOR 0	161.00	-100.384217	33.710684
2032	ARTHUR CITY 0	161.00	-95.649137	33.857868
2033	LEONARD 0	161.00	-96.179163	33.44144
2034	GORDONVILLE 0	161.00	-96.839764	33.830932
2035	KNOX CITY 0	161.00	-99.853667	33.431837
2036	WICHITA FALLS 7 0	161.00	-98.54367	33.894941
2037	LINDSAY 0	161.00	-97.310834	33.615855
2038	ECTOR 0	161.00	-96.282897	33.55352
2039	SUNSET 0	161.00	-97.751818	33.455991
2040	CLARKSVILLE 0	161.00	-94.997258	33.663063
2041	PANHANDLE 3 0	161.00	-101.578572	35.386038
2042	PANHANDLE 3 1	18.00	-101.578572	35.386038
2043	SADLER 0	161.00	-96.839543	33.737974
2044	WHITESBORO 0	161.00	-96.936121	33.743893
2045	SHEPPARD AFB 0	161.00	-98.509016	33.969523
2046	POTTSBORO 0	161.00	-96.725989	33.800717
2047	BELLS 0	161.00	-96.427874	33.623645
2048	CROSBYTON 0	161.00	-100.990114	33.774479
2049	ELECTRA 0	161.00	-99.106624	34.131688
2050	PATTONVILLE 0	161.00	-95.483203	33.40225
2051	HENRIETTA 0	161.00	-98.202251	33.75849
2052	PANHANDLE 6 0	161.00	-100.994549	34.90076
2053	BOWIE 0	161.00	-97.95612	33.520572
2054	WICHITA FALLS 1 0	500.00	-98.4931	33.9133
2055	WICHITA FALLS 1 1	161.00	-98.4931	33.9133
2056	WICHITA FALLS 1 2	18.00	-98.4931	33.9133
2057	WICHITA FALLS 1 3	18.00	-98.4931	33.9133
2058	WHITE DEER 0	161.00	-101.2439	35.4789
2059	WHITE DEER 1	13.80	-101.2439	35.4789
2060	ROXTON 0	161.00	-95.809701	33.576823
2061	VERNON 1 0	161.00	-99.364722	34.29
2062	VERNON 1 1	18.00	-99.364722	34.29
2063	DENISON 2 0	161.00	-96.604061	33.770785
2064	SUMNER 0	161.00	-95.744327	33.745236
2065	GAINESVILLE 0	161.00	-97.17635	33.661583
2066	ASPERMONT 0	161.00	-100.245133	33.183064
2067	WICHITA FALLS 5 0	161.00	-98.50984	33.799085
2068	WINDTHORST 0	161.00	-98.457627	33.512628
2069	HOWE 0	161.00	-96.742245	33.450768
2070	ARCHER 2 0	161.00	-98.581944	33.493056
2071	ARCHER 2 1	18.00	-98.581944	33.493056
2072	COLLINSVILLE 0	161.00	-96.906575	33.537706
2073	JAYTON 0	161.00	-100.524167	32.969722
2074	JAYTON 1	115.00	-100.524167	32.969722
2075	JAYTON 2	115.00	-100.524167	32.969722
2076	JAYTON 3	24.00	-100.524167	32.969722
2077	MUENSTER 1 0	161.00	-97.428406	33.733006
2078	MUENSTER 1 1	13.80	-97.428406	33.733006
2079	PADUCAH 0	161.00	-100.287247	33.994322
2080	NOCONA 0	161.00	-97.963802	33.793074
2081	DODD CITY 0	161.00	-96.072156	33.615539
2082	WICHITA FALLS 2 0	161.00	-98.5894	33.8625
2083	WICHITA FALLS 2 1	20.00	-98.5894	33.8625
2084	WICHITA FALLS 2 2	20.00	-98.5894	33.8625
2085	WICHITA FALLS 2 3	20.00	-98.5894	33.8625
2086	MONTAGUE 0	161.00	-97.687873	33.626904
2087	SPUR 0	161.00	-100.714732	33.341053
2088	ARCHER 1 0	161.00	-98.5	33.495278
2089	ARCHER 1 1	24.00	-98.5	33.495278
2090	ANNONA 0	161.00	-94.890845	33.498221
2091	SEYMOUR 0	161.00	-99.243765	33.621145
2092	DENISON 1 0	161.00	-96.470794	33.727126
2093	PANHANDLE 5 0	161.00	-101.54	35.3503
2094	PANHANDLE 5 1	13.80	-101.54	35.3503
2095	PANHANDLE 5 2	13.80	-101.54	35.3503
2096	RALLS 1 0	500.00	-101.39	33.661111
2097	RALLS 1 1	230.00	-101.39	33.661111
2098	RALLS 1 2	161.00	-101.39	33.661111
2099	RALLS 1 3	18.00	-101.39	33.661111
2100	RALLS 1 4	18.00	-101.39	33.661111
2101	SHERMAN 1 0	500.00	-96.617893	33.582573
2102	SHERMAN 1 1	161.00	-96.617893	33.582573
2103	SHERMAN 1 2	20.00	-96.617893	33.582573
2104	SHERMAN 1 3	20.00	-96.617893	33.582573
2105	SHERMAN 1 4	20.00	-96.617893	33.582573
2106	WHITEWRIGHT 0	161.00	-96.396115	33.494577
2107	SHERMAN 2 0	161.00	-96.550405	33.604131
2108	ROCHESTER 0	161.00	-99.642126	33.322836
2109	BURKBURNETT 0	161.00	-98.622467	34.103273
2110	MUENSTER 2 0	161.00	-97.382855	33.682081
2111	ARCHER CITY 0	161.00	-98.884782	33.527396
2112	PETROLIA 0	161.00	-98.25932	34.008308
2113	PARIS 1 0	500.00	-95.59	33.6308
2114	PARIS 1 1	161.00	-95.59	33.6308
2115	PARIS 1 2	13.80	-95.59	33.6308
2116	PARIS 1 3	13.80	-95.59	33.6308
2117	PARIS 1 4	13.80	-95.59	33.6308
2118	PARIS 1 5	13.80	-95.59	33.6308
2119	PARIS 1 6	13.80	-95.59	33.6308
2120	PARIS 1 7	13.80	-95.59	33.6308
2121	BAGWELL 0	161.00	-95.151966	33.801868
2122	TELEPHONE 0	161.00	-95.996823	33.778716
2123	PANHANDLE 1 0	161.00	-101.372778	35.442778
2124	VAN ALSTYNE 0	161.00	-96.549913	33.43566
2125	TIOGA 0	161.00	-96.892724	33.464643
2126	VALLEY VIEW 0	161.00	-97.128552	33.458028
2127	MIAMI 0	500.00	-100.538611	35.653889
2128	MIAMI 1	161.00	-100.538611	35.653889
2129	TRENTON 0	161.00	-96.311485	33.439125
2130	HASKELL 0	161.00	-99.650389	33.122685
2131	HASKELL 1	115.00	-99.650389	33.122685
2132	HASKELL 2	115.00	-99.650389	33.122685
2133	SAINT JO 0	161.00	-97.535329	33.741367
3001	KERRVILLE 0	230.00	-99.163039	30.036701
3002	KERRVILLE 1	115.00	-99.163039	30.036701
3003	SWEETWATER 4 0	115.00	-100.3389	32.3606
3004	SWEETWATER 4 1	18.00	-100.3389	32.3606
3005	LEAKEY 0	115.00	-99.682471	29.64447
3006	HAMLIN 0	115.00	-100.124032	32.857004
3007	MERKEL 3 0	115.00	-100.032723	32.473621
3008	COLEMAN 0	115.00	-99.567791	31.736902
3009	SONORA 0	115.00	-100.56062	30.441414
3010	CAMP WOOD 0	115.00	-100.078588	29.6747
3011	LLANO 0	115.00	-98.918266	30.653746
3012	WILLOW CITY 0	115.00	-98.708714	30.437069
3013	ABILENE 4 0	115.00	-99.667488	32.335677
3014	KINGSLAND 0	115.00	-98.442748	30.672818
3015	ROSCOE 6 0	115.00	-100.573539	32.415212
3016	BLACKWELL 0	115.00	-100.2686	32.1981
3017	BLACKWELL 1	18.00	-100.2686	32.1981
3018	CHRISTOVAL 0	230.00	-100.67882	31.085435
3019	CHRISTOVAL 1	115.00	-100.67882	31.085435
3020	CHRISTOVAL 2	13.80	-100.67882	31.085435
3021	LUEDERS 0	115.00	-99.694492	32.868619
3022	COLORADO CITY 0	115.00	-100.918356	32.314505
3023	STAMFORD 0	115.00	-99.850964	32.940911
3024	ELDORADO 0	115.00	-100.595464	30.883539
3025	SAN SABA 0	115.00	-98.763991	31.157093
3026	ABILENE 2 0	230.00	-99.4928	32.6256
3027	ABILENE 2 1	115.00	-99.4928	32.6256
3028	ABILENE 2 2	18.00	-99.4928	32.6256
3029	LOMETA 0	115.00	-98.376742	31.257224
3030	SAN ANGELO 1 0	115.00	-100.322075	31.50972
3031	TUSCOLA 0	115.00	-99.826041	32.274081
3032	ABILENE 7 0	115.00	-99.927724	32.333551
3033	SNYDER 1 0	115.00	-100.9952	32.7204
3034	SNYDER 1 1	22.00	-100.9952	32.7204
3035	CHEROKEE 0	115.00	-99.079893	30.93982
3036	RICHLAND SPRINGS 0	115.00	-99.135467	31.517913
3037	ROSCOE 2 0	230.00	-100.6664	32.4694
3038	ROSCOE 2 1	115.00	-100.6664	32.4694
3039	ROSCOE 2 2	13.80	-100.6664	32.4694
3040	BALLINGER 0	115.00	-99.934162	31.738576
3041	SILVER 0	230.00	-100.6917	32.05
3042	SILVER 1	115.00	-100.6917	32.05
3043	SILVER 2	13.80	-100.6917	32.05
3044	SILVER 3	13.80	-100.6917	32.05
3045	SILVER 4	13.80	-100.6917	32.05
3046	ROSCOE 5 0	230.00	-100.5303	32.3122
3047	ROSCOE 5 1	115.00	-100.5303	32.3122
3048	ROSCOE 5 2	500.00	-100.5303	32.3122
3049	ANSON 0	115.00	-99.905394	32.747863
3050	DEL RIO 0	230.00	-101.212436	29.83722
3051	DEL RIO 1	115.00	-101.212436	29.83722
3052	HUNT 0	115.00	-99.628211	30.095115
3053	WINGATE 0	230.00	-100.05712	32.214024
3054	WINGATE 1	115.00	-100.05712	32.214024
3055	WINGATE 2	13.80	-100.05712	32.214024
3056	WINGATE 3	13.80	-100.05712	32.214024
3057	WINGATE 4	13.80	-100.05712	32.214024
3058	STERLING CITY 1 0	230.00	-100.9281	31.9261
3059	STERLING CITY 1 1	115.00	-100.9281	31.9261
3060	STERLING CITY 1 2	18.00	-100.9281	31.9261
3061	STERLING CITY 1 3	18.00	-100.9281	31.9261
3062	STERLING CITY 1 4	18.00	-100.9281	31.9261
3063	STERLING CITY 1 5	18.00	-100.9281	31.9261
3064	ROSCOE 4 0	115.00	-100.4833	32.236944
3065	ROSCOE 4 1	18.00	-100.4833	32.236944
3066	BRADY 0	115.00	-99.616412	31.176951
3067	TRENT 1 0	115.00	-100.235652	32.4301
3068	TRENT 1 1	20.00	-100.235652	32.4301
3069	OVALO 0	115.00	-99.753027	32.120249
3070	NOLAN 0	115.00	-100.1	32.2878
3071	NOLAN 1	24.00	-100.1	32.2878
3072	MILES 0	115.00	-100.192616	31.592013
3073	BRACKETTVILLE 2 0	115.00	-100.209167	29.234722
3074	BRACKETTVILLE 2 1	13.80	-100.209167	29.234722
3075	MASON 0	115.00	-99.570053	30.843122
3076	BRACKETTVILLE 3 0	115.00	-100.439985	29.395621
3077	ABILENE 6 0	115.00	-99.817314	32.362783
3078	HERMLEIGH 0	230.00	-100.6728	32.5886
3079	HERMLEIGH 1	161.00	-100.6728	32.5886
3080	HERMLEIGH 2	115.00	-100.6728	32.5886
3081	HERMLEIGH 3	20.00	-100.6728	32.5886
3082	MERKEL 1 0	230.00	-100.176986	32.318221
3083	MERKEL 1 1	115.00	-100.176986	32.318221
3084	MERKEL 1 2	13.80	-100.176986	32.318221
3085	LORAINE 1 0	115.00	-100.7444	32.4375
3086	LORAINE 1 1	13.20	-100.7444	32.4375
3087	LORAINE 1 2	13.20	-100.7444	32.4375
3088	ABILENE 1 0	230.00	-99.6564	32.5144
3089	ABILENE 1 1	161.00	-99.6564	32.5144
3090	ABILENE 1 2	161.00	-99.6564	32.5144
3091	ABILENE 1 3	115.00	-99.6564	32.5144
3092	ABILENE 1 4	13.80	-99.6564	32.5144
3093	ROCKSPRINGS 0	115.00	-100.286076	29.988092
3094	MERKEL 2 0	115.00	-100.061589	32.311556
3095	MERKEL 2 1	18.00	-100.061589	32.311556
3096	FLUVANNA 2 0	230.00	-101.147784	32.94793
3097	FLUVANNA 2 1	115.00	-101.147784	32.94793
3098	FLUVANNA 2 2	13.80	-101.147784	32.94793
3099	DYESS AFB 0	115.00	-99.90623	32.415823
3100	HAWLEY 0	115.00	-99.830642	32.630473
3101	BUCHANAN DAM 2 0	115.00	-98.467066	30.936768
3102	ABILENE 3 0	115.00	-99.665323	32.576489
3103	SWEETWATER 5 0	115.00	-100.210748	32.291861
3104	BUCHANAN DAM 1 0	115.00	-98.385422	30.731599
3105	BUCHANAN DAM 1 1	13.20	-98.385422	30.731599
3106	BUCHANAN DAM 1 2	13.20	-98.385422	30.731599
3107	INGRAM 0	115.00	-99.345011	30.159136
3108	KEMPNER 0	115.00	-98.01069	31.088158
3109	FLUVANNA 1 0	115.00	-101.219397	32.92544
3110	FLUVANNA 1 1	13.80	-101.219397	32.92544
3111	STERLING CITY 2 0	115.00	-100.791389	31.951944
3112	STERLING CITY 2 1	18.00	-100.791389	31.951944
3113	STERLING CITY 2 2	18.00	-100.791389	31.951944
3114	SAN ANGELO 2 0	115.00	-100.563525	31.268843
3115	ROTAN 0	115.00	-100.498206	32.891818
3116	SYNDER 0	115.00	-100.738949	32.739294
3117	SYNDER 1	13.80	-100.738949	32.739294
3118	SYNDER 2	13.80	-100.738949	32.739294
3119	BRACKETTVILLE 1 0	115.00	-100.383889	29.328889
3120	BRACKETTVILLE 1 1	13.80	-100.383889	29.328889
3121	ROSCOE 1 0	115.00	-100.5797	32.4969
3122	ROSCOE 1 1	18.00	-100.5797	32.4969
3123	UVALDE 0	115.00	-100.01587	29.151012
3124	FREDERICKSBURG 0	115.00	-98.876683	30.280938
3125	ABILENE 5 0	115.00	-99.715894	32.462235
3126	SABINAL 0	115.00	-99.630829	29.303817
3127	SWEETWATER 2 0	115.00	-100.4219	32.290833
3128	LORAINE 2 0	115.00	-100.711396	32.404869
3129	ROSCOE 3 0	115.00	-100.6481	32.3983
3130	SAN ANGELO 3 0	115.00	-101.055625	31.802748
3131	TUSOCOLA 0	115.00	-100.021667	32.303889
3132	EDEN 0	115.00	-99.896212	31.222764
3133	SNYDER 2 0	230.00	-100.954661	32.747058
3134	SNYDER 2 1	161.00	-100.954661	32.747058
3135	SNYDER 2 2	161.00	-100.954661	32.747058
3136	SNYDER 2 3	115.00	-100.954661	32.747058
3137	SWEETWATER 1 0	115.00	-100.1286	32.4081
3138	MENARD 0	115.00	-100.107479	30.897544
3139	WINTERS 0	115.00	-100.165338	31.858516
3140	GOLDSBORO 0	115.00	-99.69465	32.052075
3141	SWEETWATER 3 0	115.00	-100.3703	32.3472
3142	GOODFELLOW AFB 0	115.00	-100.15267	31.289523
3143	SANTA ANNA 0	115.00	-99.380601	31.515316
3144	ROWENA 0	115.00	-99.682323	31.411505
3145	TRENT 2 0	115.00	-100.212875	32.664859
3146	JUNCTION 0	115.00	-100.06915	30.45867
3147	LAMPASAS 0	115.00	-98.25934	31.102377
4002	LAUGHLIN A F B 0	115.00	-100.777486	29.358523
4003	EDINBURG 3 0	115.00	-98.276935	26.450369
4004	LAREDO 7 0	230.00	-99.685482	27.833509
4005	LAREDO 7 1	115.00	-99.685482	27.833509
4006	BRUNI 2 0	115.00	-98.996708	27.36513
4007	MCALLEN 2 0	115.00	-98.239592	26.215816
4008	POTEET 0	115.00	-98.642309	29.079849
4009	SARITA 3 0	115.00	-97.5077	27.0702
4010	SARITA 3 1	20.00	-97.5077	27.0702
4011	HEBBRONVILLE 0	115.00	-98.789966	27.100448
4012	PROGRESO 0	115.00	-97.96214	26.083177
4013	EDINBURG 2 0	115.00	-98.183295	26.280689
4014	EAGLE PASS 0	230.00	-100.276888	28.476396
4015	EAGLE PASS 1	115.00	-100.276888	28.476396
4016	CHARLOTTE 0	115.00	-98.717634	28.790915
4017	CORPUS CHRISTI 4 0	115.00	-97.269242	27.627121
4018	WOODSBORO 0	115.00	-97.382251	28.187086
4019	MERCEDES 0	115.00	-97.831112	26.148831
4020	CORPUS CHRISTI 16 0	115.00	-97.479816	27.65787
4021	EDCOUCH 0	115.00	-97.98028	26.374541
4022	ENCINAL 0	115.00	-99.399193	28.041684
4023	MOORE 0	115.00	-98.851298	28.941736
4024	CHRISTINE 0	230.00	-98.4775	28.7044
4025	CHRISTINE 1	115.00	-98.4775	28.7044
4026	CHRISTINE 2	13.80	-98.4775	28.7044
4027	MCALLEN 3 0	115.00	-98.2487	26.162344
4028	FANNIN 0	230.00	-97.214167	28.7128
4029	FANNIN 1	115.00	-97.214167	28.7128
4030	FANNIN 2	13.80	-97.214167	28.7128
4031	SAN YGNACIO 0	115.00	-99.33083	27.128233
4032	KINGSVILLE 0	115.00	-97.865597	27.444204
4033	LAREDO 6 0	115.00	-99.502143	27.513811
4034	HIDALGO 0	115.00	-98.241746	26.111189
4035	CORPUS CHRISTI 18 0	115.00	-97.596306	27.838247
4036	CRYSTAL CITY 0	115.00	-99.562652	28.888748
4037	SINTON 0	115.00	-97.553013	28.121597
4038	BEEVILLE 0	115.00	-97.71062	28.407712
4039	MISSION 4 0	230.00	-98.376166	26.228735
4040	MISSION 4 1	115.00	-98.376166	26.228735
4041	SAN JUAN 0	230.00	-98.121312	26.144539
4042	SAN JUAN 1	115.00	-98.121312	26.144539
4043	FALCON HEIGHTS 2 0	115.00	-99.103088	26.678196
4044	FALCON HEIGHTS 1 0	115.00	-99.1642	26.5575
4045	FALCON HEIGHTS 1 1	13.80	-99.1642	26.5575
4046	FALCON HEIGHTS 1 2	13.80	-99.1642	26.5575
4047	FALCON HEIGHTS 1 3	13.80	-99.1642	26.5575
4048	LA JOYA 0	115.00	-98.494493	26.242813
4049	SEBASTIAN 2 0	115.00	-97.5857	26.33072
4050	SEBASTIAN 2 1	13.80	-97.5857	26.33072
4051	BISHOP 0	115.00	-97.8228	27.5697
4052	BISHOP 1	18.00	-97.8228	27.5697
4053	ARMSTRONG 2 0	115.00	-97.773774	26.911014
4054	SKIDMORE 0	115.00	-97.650894	28.246189
4055	CORPUS CHRISTI 9 0	115.00	-97.392456	27.819419
4056	GREGORY 0	230.00	-97.258417	27.88929
4057	GREGORY 1	115.00	-97.258417	27.88929
4058	GREGORY 2	13.80	-97.258417	27.88929
4059	GREGORY 3	13.80	-97.258417	27.88929
4060	GREGORY 4	13.80	-97.258417	27.88929
4061	GREGORY 5	13.80	-97.258417	27.88929
4062	GREGORY 6	13.80	-97.258417	27.88929
4063	GREGORY 7	13.80	-97.258417	27.88929
4064	CORPUS CHRISTI 2 0	115.00	-97.5281	27.8322
4065	CORPUS CHRISTI 2 1	18.00	-97.5281	27.8322
4066	WESLACO 0	115.00	-97.989155	26.158622
4067	HARLINGEN 1 0	115.00	-97.667502	26.255523
4068	ELSA 0	115.00	-98.039361	26.307831
4069	CORPUS CHRISTI 17 0	115.00	-97.518791	27.771237
4070	BROWNSVILLE 2 0	230.00	-97.317944	25.943923
4071	BROWNSVILLE 2 1	115.00	-97.317944	25.943923
4072	CORPUS CHRISTI 10 0	115.00	-97.399135	27.768021
4073	MISSION 1 0	230.00	-98.3992	26.208
4074	MISSION 1 1	115.00	-98.3992	26.208
4075	MISSION 1 2	24.00	-98.3992	26.208
4076	MISSION 1 3	24.00	-98.3992	26.208
4077	MISSION 1 4	24.00	-98.3992	26.208
4078	CORPUS CHRISTI 8 0	115.00	-97.385247	27.729894
4079	MISSION 3 0	115.00	-98.370054	26.318913
4080	CORPUS CHRISTI 3 0	230.00	-97.3117	27.6064
4081	CORPUS CHRISTI 3 1	115.00	-97.3117	27.6064
4082	CORPUS CHRISTI 3 2	13.80	-97.3117	27.6064
4083	CORPUS CHRISTI 3 3	13.80	-97.3117	27.6064
4084	CORPUS CHRISTI 3 4	13.80	-97.3117	27.6064
4085	CORPUS CHRISTI 3 5	13.80	-97.3117	27.6064
4086	RIO HONDO 0	115.00	-97.489015	26.261363
4087	CORPUS CHRISTI 5 0	115.00	-97.269443	27.695151
4088	PHARR 0	115.00	-98.189714	26.149684
4089	SANTA ROSA 1 0	115.00	-97.867012	26.269683
4090	SANTA ROSA 1 1	13.80	-97.867012	26.269683
4091	SANTA ROSA 1 2	13.80	-97.867012	26.269683
4092	SANTA ROSA 1 3	13.80	-97.867012	26.269683
4093	SANTA ROSA 1 4	13.80	-97.867012	26.269683
4094	SANTA ROSA 1 5	13.80	-97.867012	26.269683
4095	SANTA ROSA 1 6	13.80	-97.867012	26.269683
4096	SANTA ROSA 1 7	13.80	-97.867012	26.269683
4097	SANTA ROSA 1 8	13.80	-97.867012	26.269683
4098	SANTA ROSA 1 9	13.80	-97.867012	26.269683
4099	ODEM 0	115.00	-97.679027	27.962924
4100	CORPUS CHRISTI 13 0	115.00	-97.438774	27.77425
4101	LAREDO 3 0	115.00	-99.267161	27.556989
4102	OLMITO 0	115.00	-97.526109	26.02176
4103	EDINBURG 1 0	115.00	-98.092002	26.451477
4104	TAFT 2 0	115.00	-97.4586	27.9386
4105	TAFT 2 1	18.00	-97.4586	27.9386
4106	PORT ISABEL 0	115.00	-97.312767	26.051625
4107	DONNA 0	115.00	-98.058657	26.1619
4108	INGLESIDE 0	115.00	-97.202971	27.867937
4109	CORPUS CHRISTI 11 0	115.00	-97.406289	27.683277
4110	LOS FRESNOS 0	115.00	-97.271778	26.235
4111	HARLINGEN 2 0	115.00	-97.743596	26.252832
4112	RIVIERA 0	115.00	-97.90137	27.139147
4113	LAREDO 1 0	230.00	-99.5089	27.5667
4114	LAREDO 1 1	115.00	-99.5089	27.5667
4115	LAREDO 1 2	13.80	-99.5089	27.5667
4116	LAREDO 1 3	13.80	-99.5089	27.5667
4117	JOURDANTON 0	115.00	-98.48596	28.764536
4118	GEORGE WEST 0	115.00	-98.143051	28.257475
4119	ROMA 0	115.00	-99.112986	26.53255
4120	CORPUS CHRISTI 12 0	115.00	-97.436501	27.752006
4121	SANTA MARIA 0	115.00	-97.740451	26.052713
4122	MCALLEN 1 0	115.00	-98.23657	26.271965
4123	CORPUS CHRISTI 7 0	115.00	-97.371365	27.662514
4124	FALFURRIAS 0	115.00	-98.216213	26.880517
4125	PETTUS 0	115.00	-97.957001	28.5409
4126	BROWNSVILLE 3 0	115.00	-97.443582	25.988942
4127	ALICE 0	115.00	-98.07572	27.65992
4128	RIO GRANDE CITY 0	115.00	-98.521632	26.582929
4129	PREMONT 0	115.00	-98.496692	27.634419
4130	FREER 0	115.00	-98.62897	27.835918
4131	PEARSALL 0	230.00	-99.0919	28.9275
4132	PEARSALL 1	115.00	-99.0919	28.9275
4133	PEARSALL 2	20.00	-99.0919	28.9275
4134	PEARSALL 3	20.00	-99.0919	28.9275
4135	PEARSALL 4	20.00	-99.0919	28.9275
4136	PEARSALL 5	20.00	-99.0919	28.9275
4137	PEARSALL 6	20.00	-99.0919	28.9275
4138	PEARSALL 7	20.00	-99.0919	28.9275
4139	SANDIA 0	115.00	-97.962915	28.093161
4140	SARITA 1 0	230.00	-97.789167	27.223056
4141	SARITA 1 1	115.00	-97.789167	27.223056
4142	SARITA 1 2	13.80	-97.789167	27.223056
4143	DILLEY 0	115.00	-99.191188	28.703396
4144	ORANGE GROVE 0	115.00	-98.060187	27.986244
4145	PORTLAND 0	115.00	-97.384238	27.892132
4146	LAREDO 4 0	230.00	-99.350596	27.373543
4147	LAREDO 4 1	115.00	-99.350596	27.373543
4148	THREE RIVERS 0	115.00	-98.573186	28.310347
4149	ROCKPORT 0	115.00	-97.19689	28.120701
4150	CORPUS CHRISTI 15 0	115.00	-97.46682	27.73963
4151	ARMSTRONG 1 0	230.00	-97.5994	27.0011
4152	ARMSTRONG 1 1	115.00	-97.5994	27.0011
4153	ARMSTRONG 1 2	18.00	-97.5994	27.0011
4154	PENITAS 0	115.00	-98.476164	26.321607
4155	SULLIVAN CITY 0	115.00	-98.567191	26.253727
4156	CORPUS CHRISTI 6 0	115.00	-97.345045	27.703573
4157	MISSION 2 0	115.00	-98.299977	26.296434
4158	CORPUS CHRISTI 1 0	230.00	-97.4283	27.8139
4159	CORPUS CHRISTI 1 1	115.00	-97.4283	27.8139
4160	CORPUS CHRISTI 1 2	13.80	-97.4283	27.8139
4161	CORPUS CHRISTI 1 3	13.80	-97.4283	27.8139
4162	CORPUS CHRISTI 1 4	13.80	-97.4283	27.8139
4163	CORPUS CHRISTI 1 5	13.80	-97.4283	27.8139
4164	GRULLA 0	115.00	-98.654824	26.274827
4165	SARITA 2 0	115.00	-97.5499	27.1197
4166	SARITA 2 1	13.80	-97.5499	27.1197
4167	HARGILL 0	115.00	-97.921496	26.477435
4168	CORPUS CHRISTI 14 0	115.00	-97.440395	27.810698
4169	MATHIS 0	115.00	-97.808031	28.103247
4170	ARANSAS PASS 0	115.00	-97.092196	27.873028
4171	SAN BENITO 0	115.00	-97.629292	26.106086
4172	PLEASANTON 0	115.00	-98.428996	28.935779
4173	REFUGIO 0	115.00	-96.899059	28.291147
4174	LYTLE 0	115.00	-98.776694	29.203679
4175	LAREDO 2 0	115.00	-99.126085	27.751747
4176	BRUNI 1 0	115.00	-98.905278	27.576111
4177	BRUNI 1 1	13.80	-98.905278	27.576111
4178	GOLIAD 0	115.00	-97.579237	28.568278
4179	SAN DIEGO 0	115.00	-98.385775	27.849558
4180	PORT ARANSAS 0	115.00	-97.114983	27.777437
4181	TAFT 1 0	230.00	-97.2967	27.9958
4182	TAFT 1 1	115.00	-97.2967	27.9958
4183	SAN PERLITA 0	230.00	-97.691111	26.475278
4184	SAN PERLITA 1	115.00	-97.691111	26.475278
4185	ZAPATA 0	115.00	-99.162765	26.930929
4186	SANTA ROSA 2 0	115.00	-97.794892	26.345257
4187	COTULLA 0	115.00	-99.214344	28.293173
4188	QUEMADO 0	115.00	-100.593386	28.951173
4189	CARRIZO SPRINGS 0	115.00	-99.50848	28.524903
4190	LAREDO 5 0	115.00	-99.461989	27.545404
4191	RAYMONDVILLE 0	115.00	-97.442331	26.569308
4192	BROWNSVILLE 1 0	230.00	-97.5214	25.9131
4193	BROWNSVILLE 1 1	115.00	-97.5214	25.9131
4194	SEBASTIAN 1 0	115.00	-97.6668	26.34892
4195	OILTON 0	500.00	-99.005278	27.488056
4196	OILTON 1	230.00	-99.005278	27.488056
4197	OILTON 2	115.00	-99.005278	27.488056
5003	GARLAND 5 0	161.00	-96.674838	32.911702
5004	KERENS 0	161.00	-96.329632	32.158265
5005	LIPAN 0	161.00	-98.008849	32.527015
5006	DALLAS 24 0	161.00	-96.797334	32.969699
5007	DENTON 4 0	161.00	-97.109882	33.231569
5008	ALBANY 2 0	161.00	-99.24184	32.790131
5009	DALLAS 21 0	161.00	-96.790359	32.864887
5010	PLANO 2 0	161.00	-96.673164	33.031561
5011	THORNTON 0	161.00	-96.608952	31.299588
5012	DENTON 5 0	161.00	-97.146038	33.220974
5013	EARLY 0	161.00	-98.805134	31.842565
5014	DECATUR 0	161.00	-97.514178	33.276319
5015	KELLER 2 0	500.00	-97.283914	32.928037
5016	KELLER 2 1	161.00	-97.283914	32.928037
5017	PONDER 0	161.00	-97.311628	33.198704
5018	JACKSBORO 1 0	500.00	-98.337652	33.06797
5019	JACKSBORO 1 1	161.00	-98.337652	33.06797
5020	JACKSBORO 1 2	13.80	-98.337652	33.06797
5021	ALEDO 1 0	500.00	-97.5142	32.7206
5022	ALEDO 1 1	161.00	-97.5142	32.7206
5023	ALEDO 1 2	13.80	-97.5142	32.7206
5024	GATESVILLE 4 0	161.00	-97.755604	31.417256
5025	CLEBURNE 2 0	161.00	-97.508356	32.276663
5026	FORT WORTH 14 0	161.00	-97.335106	32.639029
5027	FORT WORTH 23 0	161.00	-97.416615	32.667305
5028	FORT WORTH 1 0	161.00	-97.048681	32.823978
5029	TROY 0	161.00	-97.265253	31.195905
5030	SPRINGTOWN 0	161.00	-97.6966	32.853068
5031	PRINCETON 0	161.00	-96.483157	33.151747
5032	DALLAS 27 0	161.00	-96.802681	32.746823
5033	DALLAS 1 0	500.00	-96.644444	32.648611
5034	DALLAS 1 1	161.00	-96.644444	32.648611
5035	DALLAS 1 2	13.20	-96.644444	32.648611
5036	DALLAS 1 3	13.20	-96.644444	32.648611
5037	DALLAS 1 4	13.20	-96.644444	32.648611
5038	DALLAS 1 5	13.20	-96.644444	32.648611
5039	DALLAS 1 6	13.20	-96.644444	32.648611
5040	DALLAS 1 7	13.20	-96.644444	32.648611
5041	DALLAS 1 8	13.20	-96.644444	32.648611
5042	DALLAS 1 9	13.20	-96.644444	32.648611
5043	ROYSE CITY 0	161.00	-96.375325	32.945503
5044	BOYD 0	161.00	-97.597083	33.041942
5045	STEPHENVILLE 0	500.00	-98.196717	32.282235
5046	STEPHENVILLE 1	161.00	-98.196717	32.282235
5047	MANSFIELD 0	500.00	-97.188374	32.503973
5048	MANSFIELD 1	161.00	-97.188374	32.503973
5049	GREENVILLE 1 0	500.00	-96.1264	33.1707
5050	GREENVILLE 1 1	161.00	-96.1264	33.1707
5051	GREENVILLE 1 2	22.00	-96.1264	33.1707
5052	GREENVILLE 1 3	115.00	-96.1264	33.1707
5053	PLANO 4 0	161.00	-96.740008	33.090085
5054	GROESBECK 0	161.00	-96.520013	31.503056
5055	GRAHAM 0	500.00	-98.6117	33.1344
5056	GRAHAM 1	161.00	-98.6117	33.1344
5057	GRAHAM 2	13.80	-98.6117	33.1344
5058	GRAHAM 3	13.80	-98.6117	33.1344
5059	MABANK 2 0	161.00	-96.105332	32.277759
5060	MABANK 2 1	115.00	-96.105332	32.277759
5061	MABANK 2 2	115.00	-96.105332	32.277759
5062	MABANK 2 3	115.00	-96.105332	32.277759
5063	ARLINGTON 1 0	500.00	-97.14209	32.775093
5064	ARLINGTON 1 1	161.00	-97.14209	32.775093
5065	ARLINGTON 1 2	13.80	-97.14209	32.775093
5066	ARLINGTON 1 3	13.80	-97.14209	32.775093
5067	ARLINGTON 1 4	13.80	-97.14209	32.775093
5068	ARLINGTON 1 5	13.80	-97.14209	32.775093
5069	ARLINGTON 1 6	13.80	-97.14209	32.775093
5070	DALLAS 41 0	161.00	-96.878831	32.781246
5071	WACO 3 0	161.00	-97.127249	31.576824
5072	DALLAS 19 0	161.00	-96.788213	32.997373
5073	BANGS 0	161.00	-99.151374	31.706204
5074	PROSPER 0	161.00	-96.807989	33.241902
5075	EVANT 0	161.00	-98.049081	31.553908
5076	TERRELL 1 0	161.00	-96.169166	32.738471
5077	TERRELL 1 1	115.00	-96.169166	32.738471
5078	AUBREY 0	161.00	-96.990119	33.273449
5079	WACO 4 0	161.00	-97.152983	31.513756
5080	LORENA 0	161.00	-97.202495	31.268644
5081	FORT HOOD 0	161.00	-97.761047	31.143642
5082	ARLINGTON 5 0	161.00	-97.086517	32.692105
5083	MCKINNEY 3 0	500.00	-96.69627	33.172033
5084	MCKINNEY 3 1	161.00	-96.69627	33.172033
5085	DALLAS 38 0	161.00	-96.873056	32.665618
5086	ARLINGTON 9 0	161.00	-97.155028	32.719328
5087	MILFORD 0	161.00	-96.99247	32.137513
5088	CLIFTON 1 0	161.00	-97.3667	31.8694
5089	CLIFTON 1 1	13.80	-97.3667	31.8694
5090	DALLAS 15 0	161.00	-96.771191	32.831279
5091	FROST 0	161.00	-96.807932	32.038687
5092	GRANDVIEW 0	161.00	-97.16076	32.280923
5093	HASLET 0	161.00	-97.377255	32.986624
5094	BARDWELL 0	161.00	-96.752827	32.211123
5095	LAKE DALLAS 0	161.00	-97.005469	33.110351
5096	PLANO 1 0	161.00	-96.615482	33.021793
5097	EULESS 2 0	161.00	-97.091323	32.814107
5098	FORT WORTH 24 0	161.00	-97.420575	32.581858
5099	FLOWER MOUND 2 0	161.00	-97.124906	33.03489
5100	DALLAS 11 0	161.00	-96.746362	32.770635
5101	COMANCHE 0	161.00	-98.614553	31.891101
5102	RICHARDSON 2 0	500.00	-96.74208	32.976063
5103	RICHARDSON 2 1	161.00	-96.74208	32.976063
5104	FORT WORTH 8 0	161.00	-97.274934	32.620058
5105	IRVING 1 0	161.00	-96.9894	32.9192
5106	IRVING 1 1	13.80	-96.9894	32.9192
5107	IRVING 1 2	13.80	-96.9894	32.9192
5108	DALLAS 44 0	161.00	-96.964622	32.636077
5109	LANCASTER 1 0	161.00	-96.752161	32.562744
5110	PALO PINTO 2 0	161.00	-98.276879	32.764096
5111	ADDISON 0	161.00	-96.838522	32.960047
5112	HICO 0	161.00	-97.8826	32.001481
5113	KRUM 0	161.00	-97.302309	33.278823
5114	KAUFMAN 0	161.00	-96.255103	32.568801
5115	CADDO MILLS 0	161.00	-96.222134	33.066284
5116	PLANO 7 0	161.00	-96.811607	33.034225
5117	FORT WORTH 5 0	161.00	-97.262625	32.691147
5118	BAIRD 0	161.00	-99.198272	32.341152
5119	PERRIN 0	161.00	-98.053654	33.014983
5120	BROWNWOOD 0	500.00	-99.032891	31.748303
5121	BROWNWOOD 1	161.00	-99.032891	31.748303
5122	DALLAS 6 0	161.00	-96.702574	32.841987
5123	MARLIN 0	161.00	-96.814239	31.202394
5124	MARLIN 1	115.00	-96.814239	31.202394
5125	ARLINGTON 6 0	161.00	-97.100052	32.784952
5126	DALLAS 8 0	161.00	-96.736637	32.912633
5127	JONESBORO 0	161.00	-97.804426	31.769003
5128	DALLAS 33 0	161.00	-96.839613	32.753141
5129	GOLDTHWAITE 2 0	161.00	-98.546717	31.627357
5130	PLANO 5 0	161.00	-96.741558	33.021268
5131	BELTON 0	500.00	-97.499909	31.051688
5132	BELTON 1	161.00	-97.499909	31.051688
5133	TOLAR 0	161.00	-97.924354	32.362649
5134	BRECKENRIDGE 0	161.00	-98.892466	32.804272
5135	EASTLAND 0	161.00	-98.66402	32.495875
5136	COOPER 0	161.00	-95.757461	33.462218
5137	WACO 1 0	500.00	-97.083854	31.475671
5138	WACO 1 1	161.00	-97.083854	31.475671
5139	DALLAS 42 0	161.00	-96.891721	32.923189
5140	GATESVILLE 1 0	161.00	-97.706884	31.486416
5141	ANNA 0	161.00	-96.378479	33.321734
5142	MOODY 0	161.00	-97.390061	31.285086
5143	FORT WORTH 2 0	161.00	-97.180963	32.775915
5144	WACO 6 0	161.00	-97.215893	31.627123
5145	GRAND PRAIRIE 1 0	161.00	-96.996462	32.72944
5146	ROWLETT 2 0	161.00	-96.556367	32.938077
5147	PLANO 6 0	161.00	-96.802686	33.075422
5148	IRVING 5 0	161.00	-96.996735	32.874833
5149	DALLAS 7 0	161.00	-96.707819	32.878497
5150	BRYSON 2 0	161.00	-98.382374	33.276426
5151	MORGAN 0	161.00	-97.52976	31.988989
5152	SACHSE 0	161.00	-96.580883	32.969008
5153	PARADISE 0	161.00	-97.723422	33.098727
5154	RIO VISTA 0	161.00	-97.395815	32.108512
5155	STRAWN 0	161.00	-98.666449	32.759373
5156	May-00	161.00	-98.927404	31.931233
5157	DESOTO 0	161.00	-96.864075	32.599427
5158	MESQUITE 2 0	161.00	-96.616717	32.771707
5159	ROSEBUD 0	161.00	-96.953514	31.082267
5160	DENTON 2 0	161.00	-97.055133	33.208811
5161	DALLAS 4 0	161.00	-96.679438	32.824924
5162	AXTELL 0	161.00	-96.955129	31.661047
5163	NOLANVILLE 0	161.00	-97.604369	31.075955
5164	DENTON 1 0	500.00	-97.1061	33.1975
5165	DENTON 1 1	161.00	-97.1061	33.1975
5166	DENTON 1 2	13.80	-97.1061	33.1975
5167	DENTON 1 3	13.80	-97.1061	33.1975
5168	DALLAS 39 0	161.00	-96.876118	32.868529
5169	DUBLIN 1 0	161.00	-98.476111	32.338611
5170	DUBLIN 1 1	18.00	-98.476111	32.338611
5171	MERTENS 0	161.00	-96.91458	32.043976
5172	WEATHERFORD 1 0	161.00	-97.782298	32.682733
5173	PLANO 3 0	161.00	-96.730831	33.056756
5174	MALONE 0	161.00	-96.904503	31.924604
5175	DENTON 3 0	161.00	-97.096016	33.149467
5176	GRAFORD 0	161.00	-98.324274	32.904994
5177	ARLINGTON 8 0	161.00	-97.148829	32.635563
5178	ROCKWALL 1 0	161.00	-96.43617	32.851681
5179	CORSICANA 2 0	500.00	-96.632547	32.057938
5180	CORSICANA 2 1	161.00	-96.632547	32.057938
5181	GARLAND 2 0	161.00	-96.619782	32.928902
5182	GATESVILLE 2 0	161.00	-97.728745	31.476579
5183	CARROLLTON 3 0	161.00	-96.89817	32.962473
5184	FORT WORTH 26 0	161.00	-97.435599	32.775409
5185	RHOME 0	161.00	-97.462793	33.093365
5186	VENUS 0	161.00	-97.090328	32.426322
5187	OLNEY 2 0	161.00	-98.925556	33.250203
5188	CARROLLTON 1 0	161.00	-96.87454	33.050164
5189	DALLAS 20 0	161.00	-96.788852	32.802132
5190	GORDON 0	161.00	-98.333604	32.587603
5191	MERIDIAN 0	161.00	-97.710123	31.916215
5192	KILLEEN 4 0	500.00	-97.934579	30.936006
5193	KILLEEN 4 1	161.00	-97.934579	30.936006
5194	DUNCANVILLE 1 0	161.00	-96.911882	32.66066
5195	ARGYLE 0	161.00	-97.173782	33.114675
5196	BRYSON 1 0	500.00	-98.365069	33.205801
5197	BRYSON 1 1	161.00	-98.365069	33.205801
5198	BRYSON 1 2	18.00	-98.365069	33.205801
5199	FORT WORTH 12 0	161.00	-97.329756	32.759104
5200	MINERAL WELLS 0	161.00	-98.126806	32.799602
5201	COOLIDGE 0	161.00	-96.760043	31.661096
5202	RICE 0	161.00	-96.475509	32.229113
5203	DALLAS 35 0	161.00	-96.841688	32.999309
5204	POOLVILLE 0	500.00	-97.9103	33.0583
5205	POOLVILLE 1	161.00	-97.9103	33.0583
5206	POOLVILLE 2	13.80	-97.9103	33.0583
5207	POOLVILLE 3	13.80	-97.9103	33.0583
5208	POOLVILLE 4	13.80	-97.9103	33.0583
5209	WALNUT SPRINGS 0	161.00	-97.736712	32.083522
5210	BEDFORD 2 0	161.00	-97.145157	32.830658
5211	HUBBARD 0	161.00	-96.807276	31.848506
5212	FERRIS 0	161.00	-96.678049	32.439873
5213	GARLAND 4 0	161.00	-96.651555	32.880196
5214	DALLAS 32 0	161.00	-96.838591	32.711405
5215	PILOT POINT 0	161.00	-96.933242	33.371246
5216	FORT WORTH 6 0	161.00	-97.269432	32.724047
5217	NORTH RICHLAND HILLS 2 0	161.00	-97.225295	32.840011
5218	JUSTIN 0	161.00	-97.340499	33.099993
5219	SCURRY 0	161.00	-96.43952	32.464756
5220	SANGER 0	161.00	-97.213359	33.373051
5221	KILLEEN 1 0	161.00	-97.633196	31.149208
5222	MABANK 1 0	161.00	-96.079558	32.436676
5223	MEXIA 0	161.00	-96.468137	31.654919
5224	CARROLLTON 2 0	161.00	-96.896742	33.005262
5225	NEVADA 0	161.00	-96.393331	33.061789
5226	ZEPHYR 0	161.00	-98.776277	31.686677
5227	TERRELL 2 0	161.00	-96.301323	32.758408
5228	DALLAS 14 0	161.00	-96.759451	32.665447
5229	DALLAS 13 0	161.00	-96.756846	32.750602
5230	DALLAS 28 0	161.00	-96.812903	32.811847
5231	HAMILTON 0	161.00	-98.187029	31.686814
5232	ARLINGTON 7 0	161.00	-97.133304	32.692186
5233	EULESS 1 0	161.00	-97.086028	32.860285
5234	FRISCO 1 0	161.00	-96.790192	33.163129
5235	SALADO 0	161.00	-97.59865	30.925736
5236	OLNEY 1 0	500.00	-98.711944	33.383611
5237	OLNEY 1 1	161.00	-98.711944	33.383611
5238	OLNEY 1 2	18.00	-98.711944	33.383611
5239	GOLDTHWAITE 1 0	500.00	-98.466667	31.383333
5240	GOLDTHWAITE 1 1	161.00	-98.466667	31.383333
5241	GOLDTHWAITE 1 2	115.00	-98.466667	31.383333
5242	GOLDTHWAITE 1 3	115.00	-98.466667	31.383333
5243	GOLDTHWAITE 1 4	13.80	-98.466667	31.383333
5244	FORT WORTH 22 0	161.00	-97.386965	32.70065
5245	GRAPEVINE 0	161.00	-97.071545	32.925765
5246	GLEN ROSE 2 0	161.00	-97.795247	32.208483
5247	KOPPERL 0	161.00	-97.575601	32.117538
5248	BEDFORD 1 0	161.00	-97.130443	32.852971
5249	FORT WORTH 29 0	161.00	-97.523856	32.787009
5250	DALLAS 5 0	161.00	-96.689321	32.767119
5251	GRAND PRAIRIE 2 0	161.00	-97.009389	32.776671
5252	DALLAS 22 0	161.00	-96.793393	32.902679
5253	FLOWER MOUND 1 0	161.00	-97.06007	33.03271
5254	ROANOKE 0	161.00	-97.22672	33.009335
5255	MILLSAP 0	161.00	-97.993148	32.704456
5256	FORRESTON 0	161.00	-96.842324	32.237512
5257	ITALY 0	161.00	-96.85118	32.177712
5258	FORNEY 0	161.00	-96.4549	32.743178
5259	LAVON 0	161.00	-96.454083	33.012652
5260	GLEN ROSE 1 0	500.00	-97.785515	32.298365
5261	GLEN ROSE 1 1	161.00	-97.785515	32.298365
5262	GLEN ROSE 1 2	13.80	-97.785515	32.298365
5263	GLEN ROSE 1 3	13.80	-97.785515	32.298365
5264	DE LEON 0	161.00	-98.552257	32.298594
5265	KELLER 1 0	161.00	-97.225148	32.924009
5266	CEDAR HILL 0	161.00	-96.964675	32.580181
5267	MC GREGOR 0	161.00	-97.531134	31.409518
5268	COMMERCE 0	161.00	-95.788968	33.316269
5269	MIDLOTHIAN 2 0	161.00	-96.99071	32.469267
5270	WEST 0	161.00	-97.243292	31.816191
5271	BARTLETT 0	161.00	-97.291628	30.789254
5272	DALLAS 16 0	161.00	-96.772763	32.792496
5273	COPPELL 0	161.00	-96.984664	32.963417
5274	WILMER 0	161.00	-96.674333	32.605192
5275	DAWSON 0	161.00	-96.655804	31.866953
5276	MART 0	161.00	-96.802449	31.560995
5277	LITTLE ELM 0	161.00	-96.950551	33.176495
5278	TEMPLE 2 0	161.00	-97.252433	31.075303
5279	TEMPLE 1 0	500.00	-97.317222	31.055833
5280	TEMPLE 1 1	161.00	-97.317222	31.055833
5281	TEMPLE 1 2	13.80	-97.317222	31.055833
5282	TEMPLE 1 3	13.80	-97.317222	31.055833
5283	TEMPLE 1 4	13.80	-97.317222	31.055833
5284	QUINLAN 0	161.00	-96.113355	32.924709
5285	CHICO 0	161.00	-97.857678	33.315883
5286	DUBLIN 2 0	161.00	-98.34862	32.075301
5287	ARLINGTON 2 0	161.00	-97.039429	32.59121
5288	WOLFE CITY 0	161.00	-95.945707	33.420872
5289	DALLAS 26 0	161.00	-96.801792	32.944622
5290	WHITNEY 0	161.00	-97.330421	31.959701
5291	FORT WORTH 25 0	161.00	-97.433835	32.913522
5292	FORT WORTH 27 0	161.00	-97.482178	32.847326
5293	JOSHUA 0	161.00	-97.539874	32.425936
5294	DALLAS 12 0	161.00	-96.747539	32.873485
5295	MCKINNEY 1 0	500.00	-96.601666	33.166944
5296	MCKINNEY 1 1	161.00	-96.601666	33.166944
5297	MCKINNEY 1 2	13.80	-96.601666	33.166944
5298	MCKINNEY 1 3	13.80	-96.601666	33.166944
5299	MCKINNEY 1 4	13.80	-96.601666	33.166944
5300	MCKINNEY 1 5	13.80	-96.601666	33.166944
5301	MCKINNEY 1 6	13.80	-96.601666	33.166944
5302	MCKINNEY 1 7	13.80	-96.601666	33.166944
5303	MCKINNEY 1 8	13.80	-96.601666	33.166944
5304	ALLEN 1 0	500.00	-96.607767	33.089587
5305	ALLEN 1 1	161.00	-96.607767	33.089587
5306	ALEDO 2 0	161.00	-97.631482	32.695708
5307	THE COLONY 0	161.00	-96.912391	33.070292
5308	SUNNYVALE 0	161.00	-96.547563	32.80051
5309	DALLAS 10 0	161.00	-96.745951	32.828651
5310	FORT WORTH 4 0	161.00	-97.252132	32.868421
5311	DALLAS 30 0	161.00	-96.825474	32.84831
5312	AZLE 0	161.00	-97.561179	32.900196
5313	HUTCHINS 0	161.00	-96.695516	32.63852
5314	VALLEY MILLS 0	161.00	-97.506079	31.662159
5315	DENTON 6 0	161.00	-97.183844	33.227695
5316	MESQUITE 3 0	161.00	-96.630277	32.817309
5317	GRANBURY 1 0	500.00	-97.731686	32.33422
5318	GRANBURY 1 1	161.00	-97.731686	32.33422
5319	GRANBURY 1 2	13.20	-97.731686	32.33422
5320	GRANBURY 1 3	13.20	-97.731686	32.33422
5321	GRANBURY 1 4	13.20	-97.731686	32.33422
5322	DALLAS 2 0	500.00	-96.9358	32.7231
5323	DALLAS 2 1	161.00	-96.9358	32.7231
5324	DALLAS 2 2	13.80	-96.9358	32.7231
5325	DALLAS 2 3	13.80	-96.9358	32.7231
5326	DALLAS 2 4	13.80	-96.9358	32.7231
5327	MOUNT CALM 0	161.00	-96.891872	31.751192
5328	RIESEL 2 0	161.00	-97.012872	31.354734
5329	DALLAS 17 0	161.00	-96.781215	32.711324
5330	ARLINGTON 4 0	161.00	-97.083196	32.754272
5331	CELINA 0	161.00	-96.752977	33.338899
5332	FORT WORTH 16 0	161.00	-97.345955	32.881807
5333	RED OAK 0	161.00	-96.807315	32.521773
5334	CLYDE 0	161.00	-99.518879	32.2664
5335	IRVING 2 0	161.00	-96.942108	32.885259
5336	ROWLETT 1 0	161.00	-96.550385	32.897846
5337	JACKSBORO 2 0	161.00	-98.188154	33.219585
5338	GRANBURY 3 0	161.00	-97.631011	32.56207
5339	SOUTHLAKE 0	161.00	-97.148582	32.959922
5340	DALLAS 29 0	161.00	-96.819971	32.786796
5341	LEWISVILLE 1 0	161.00	-96.963806	33.068473
5342	LEWISVILLE 1 1	13.80	-96.963806	33.068473
5343	LEWISVILLE 1 2	13.80	-96.963806	33.068473
5344	DALLAS 36 0	161.00	-96.864339	32.893295
5345	HILLSBORO 0	161.00	-97.133361	32.022461
5346	FORT WORTH 15 0	161.00	-97.338265	32.707831
5347	CISCO 0	161.00	-99.164736	32.556004
5348	ITASCA 0	161.00	-97.1549	32.162639
5349	LANCASTER 2 0	161.00	-96.778058	32.617663
5350	GARLAND 1 0	500.00	-96.576325	32.857617
5351	GARLAND 1 1	161.00	-96.576325	32.857617
5352	DALLAS 9 0	161.00	-96.744003	32.792244
5353	DUNCANVILLE 2 0	161.00	-96.916468	32.643212
5354	MESQUITE 1 0	161.00	-96.558988	32.725663
5355	MAYPEARL 0	161.00	-97.037219	32.302367
5356	GARLAND 3 0	161.00	-96.649686	32.964607
5357	ALLEN 2 0	161.00	-96.693964	33.114327
5358	RIESEL 1 0	500.00	-96.957149	31.474378
5359	RIESEL 1 1	161.00	-96.957149	31.474378
5360	RIESEL 1 2	13.80	-96.957149	31.474378
5361	BRIDGEPORT 0	500.00	-97.9208	33.1964
5362	BRIDGEPORT 1	161.00	-97.9208	33.1964
5363	BRIDGEPORT 2	13.80	-97.9208	33.1964
5364	BRIDGEPORT 3	13.80	-97.9208	33.1964
5365	BRIDGEPORT 4	13.80	-97.9208	33.1964
5366	BRIDGEPORT 5	13.80	-97.9208	33.1964
5367	BRIDGEPORT 6	13.80	-97.9208	33.1964
5368	BRIDGEPORT 7	13.80	-97.9208	33.1964
5369	BRIDGEPORT 8	13.80	-97.9208	33.1964
5370	LEWISVILLE 2 0	161.00	-97.061017	33.081367
5371	SEAGOVILLE 0	161.00	-96.542308	32.6058
5372	DALLAS 31 0	161.00	-96.8368	32.925283
5373	HALTOM CITY 0	161.00	-97.267376	32.803436
5374	BALCH SPRINGS 0	161.00	-96.620085	32.716601
5375	FORT WORTH 13 0	161.00	-97.330511	32.6785
5376	DALLAS 43 0	161.00	-96.936565	32.676238
5377	KILLEEN 2 0	161.00	-97.729602	31.112884
5378	WACO 5 0	161.00	-97.195009	31.539723
5379	FORT WORTH 9 0	161.00	-97.291523	32.859685
5380	ENNIS 0	500.00	-96.675	32.32
5381	ENNIS 1	161.00	-96.675	32.32
5382	ENNIS 2	13.80	-96.675	32.32
5383	ENNIS 3	13.80	-96.675	32.32
5384	DALLAS 3 0	500.00	-96.678549	32.710306
5385	DALLAS 3 1	161.00	-96.678549	32.710306
5386	RICHARDSON 1 0	161.00	-96.663063	32.991557
5387	FORT WORTH 21 0	161.00	-97.38173	32.742058
5388	WACO 2 0	500.00	-97.09851	31.620954
5389	WACO 2 1	161.00	-97.09851	31.620954
5390	ROGERS 0	161.00	-97.227023	30.940183
5391	ROGERS 1	115.00	-97.227023	30.940183
5392	ROGERS 2	115.00	-97.227023	30.940183
5393	CHINA SPRING 0	161.00	-97.325271	31.693947
5394	ALBANY 1 0	500.00	-99.4228	32.7683
5395	ALBANY 1 1	230.00	-99.4228	32.7683
5396	ALBANY 1 2	161.00	-99.4228	32.7683
5397	ALBANY 1 3	115.00	-99.4228	32.7683
5398	ALBANY 1 4	115.00	-99.4228	32.7683
5399	ALBANY 1 5	13.80	-99.4228	32.7683
5400	MCKINNEY 2 0	161.00	-96.631295	33.245879
5401	GRANBURY 2 0	500.00	-97.700556	32.403056
5402	GRANBURY 2 1	161.00	-97.700556	32.403056
5403	GRANBURY 2 2	18.00	-97.700556	32.403056
5404	GRANBURY 2 3	18.00	-97.700556	32.403056
5405	GRANBURY 2 4	18.00	-97.700556	32.403056
5406	GRANBURY 2 5	18.00	-97.700556	32.403056
5407	CLIFTON 2 0	161.00	-97.546568	31.817062
5408	FARMERSVILLE 0	161.00	-96.356004	33.174219
5409	ARLINGTON 10 0	161.00	-97.18913	32.689222
5410	KILLEEN 3 0	500.00	-97.746417	31.009641
5411	KILLEEN 3 1	161.00	-97.746417	31.009641
5412	WYLIE 0	161.00	-96.534936	33.012135
5413	PALO PINTO 1 0	500.00	-98.3103	32.6581
5414	PALO PINTO 1 1	161.00	-98.3103	32.6581
5415	PALO PINTO 1 2	13.80	-98.3103	32.6581
5416	PALO PINTO 1 3	13.80	-98.3103	32.6581
5417	PALO PINTO 1 4	13.80	-98.3103	32.6581
5418	PALO PINTO 1 5	13.80	-98.3103	32.6581
5419	PALO PINTO 1 6	13.80	-98.3103	32.6581
5420	FORT WORTH 10 0	161.00	-97.310486	32.975361
5421	JOSEPHINE 0	161.00	-96.309004	33.066219
5422	LEWSIVILLE 0	161.00	-96.961986	33.019646
5423	LEWSIVILLE 1	13.80	-96.961986	33.019646
5424	LEWSIVILLE 2	13.80	-96.961986	33.019646
5425	DALLAS 40 0	161.00	-96.878036	32.813576
5426	KEMP 0	161.00	-96.245039	32.366686
5427	WAXAHACHIE 2 0	161.00	-96.915523	32.360829
5428	HURST 0	161.00	-97.180586	32.8172
5429	FORT WORTH 18 0	161.00	-97.359532	32.816503
5430	WEATHERFORD 2 0	161.00	-97.791085	32.754964
5431	ROCKWALL 2 0	161.00	-96.452875	32.943901
5432	WEATHERFORD 3 0	161.00	-97.903219	32.848403
5433	FORT WORTH 3 0	161.00	-97.217658	32.747426
5434	NEWARK 0	161.00	-97.444409	33.00085
5435	SANTO 0	161.00	-98.17276	32.600503
5436	DALLAS 18 0	161.00	-96.787496	32.930338
5437	ELM MOTT 0	161.00	-97.073707	31.696619
5438	FORT WORTH 17 0	161.00	-97.354585	32.7811
5439	WAXAHACHIE 1 0	161.00	-96.784944	32.372201
5440	ARLINGTON 3 0	161.00	-97.080239	32.722844
5441	FORT WORTH 20 0	161.00	-97.379538	32.652918
5442	FORT WORTH 7 0	161.00	-97.272957	32.749099
5443	FORT WORTH 11 0	161.00	-97.317801	32.728688
5444	MIDLOTHIAN 1 0	500.00	-97.0537	32.4302
5445	MIDLOTHIAN 1 1	161.00	-97.0537	32.4302
5446	HEWITT 0	161.00	-97.195339	31.453501
5447	ARLINGTON 11 0	161.00	-97.217476	32.639649
5448	GRAND PRAIRIE 3 0	500.00	-97.024692	32.664953
5449	GRAND PRAIRIE 3 1	161.00	-97.024692	32.664953
5450	MELISSA 0	161.00	-96.566247	33.285118
5451	COPPERAS COVE 0	500.00	-97.968224	31.219045
5452	COPPERAS COVE 1	161.00	-97.968224	31.219045
5453	CLEBURNE 1 0	161.00	-97.32754	32.392588
5454	GREENVILLE 2 0	161.00	-96.084274	33.068454
5455	ALVORD 0	161.00	-97.669953	33.372433
5456	GORMAN 0	161.00	-98.98514	32.116953
5457	COLLEYVILLE 0	161.00	-97.149641	32.891787
5458	HOLLAND 0	161.00	-97.378809	30.884326
5459	HOLLAND 1	115.00	-97.378809	30.884326
5460	HOLLAND 2	115.00	-97.378809	30.884326
5461	TEMPLE 3 0	161.00	-97.373626	31.137885
5462	DALLAS 34 0	161.00	-96.840948	32.660862
5463	IRVING 4 0	161.00	-96.966915	32.825907
5464	FRISCO 2 0	500.00	-96.856347	33.146336
5465	FRISCO 2 1	161.00	-96.856347	33.146336
5466	GATESVILLE 3 0	161.00	-97.735272	31.467983
5467	DALLAS 25 0	161.00	-96.79939	32.787742
5468	DALLAS 37 0	161.00	-96.871889	32.703913
5469	FORT WORTH 19 0	161.00	-97.363495	32.708639
5470	WOODWAY 0	161.00	-97.260442	31.529664
5471	MINGUS 0	161.00	-98.418168	32.455408
5472	THROCKMORTON 0	161.00	-99.265034	33.187712
5473	NEMO 0	161.00	-97.655141	32.266222
5474	ABBOTT 0	161.00	-97.08541	31.881728
5475	ALVARADO 0	161.00	-97.196367	32.414944
5476	CORSICANA 1 0	161.00	-96.350943	32.043193
5477	HARKER HEIGHTS 0	161.00	-97.644625	31.050856
5478	IRVING 3 0	161.00	-96.954903	32.796608
5479	BURLESON 0	500.00	-97.306547	32.532666
5480	BURLESON 1	161.00	-97.306547	32.532666
5481	FORT WORTH 28 0	161.00	-97.503481	32.63587
5482	DALLAS 23 0	161.00	-96.795514	32.835893
5483	NORTH RICHLAND HILLS 1 0	161.00	-97.208384	32.88659
5484	CROSS PLAINS 0	161.00	-99.290758	32.006925
5485	BLOOMING GROVE 0	161.00	-96.723661	32.122927
6001	CONVERSE 0	115.00	-98.291474	29.487774
6002	SAN ANTONIO 46 0	115.00	-98.656213	29.65235
6003	BASTROP 0	500.00	-97.2708	30.1456
6004	BASTROP 1	230.00	-97.2708	30.1456
6005	BASTROP 2	115.00	-97.2708	30.1456
6006	BASTROP 3	13.80	-97.2708	30.1456
6007	BASTROP 4	13.80	-97.2708	30.1456
6008	BASTROP 5	13.80	-97.2708	30.1456
6009	BASTROP 6	13.80	-97.2708	30.1456
6010	BASTROP 7	13.80	-97.2708	30.1456
6011	MARION 2 0	115.00	-98.047576	29.600453
6012	PAIGE 0	115.00	-97.218899	30.303885
6013	SAN ANTONIO 42 0	115.00	-98.593411	29.371436
6014	WAELDER 0	115.00	-97.301328	29.700745
6015	ATASCOSA 0	115.00	-98.737267	29.283035
6016	SAN ANTONIO 40 0	115.00	-98.571279	29.460646
6017	CIBOLO 0	115.00	-98.220552	29.575004
6018	AUSTIN 6 0	115.00	-97.6592	30.242354
6019	AUSTIN 25 0	115.00	-97.76605	30.293268
6020	HORSESHOE BAY 0	115.00	-98.377752	30.5309
6021	LEANDER 1 0	500.00	-97.907897	30.562551
6022	LEANDER 1 1	230.00	-97.907897	30.562551
6023	LEANDER 1 2	115.00	-97.907897	30.562551
6024	AUSTIN 10 0	115.00	-97.685722	30.304265
6025	SAN ANTONIO 31 0	115.00	-98.525262	29.590028
6026	SAN ANTONIO 49 0	115.00	-98.705628	29.341337
6027	ELGIN 0	115.00	-97.361224	30.338584
6028	AUSTIN 31 0	115.00	-97.856006	30.216168
6029	RUNGE 0	115.00	-97.887161	28.952237
6030	YOAKUM 0	230.00	-97.076333	29.202338
6031	YOAKUM 1	115.00	-97.076333	29.202338
6032	AUSTIN 37 0	115.00	-97.958224	30.319748
6033	PFLUGERVILLE 0	500.00	-97.59458	30.438534
6034	PFLUGERVILLE 1	230.00	-97.59458	30.438534
6035	PFLUGERVILLE 2	115.00	-97.59458	30.438534
6036	SAN ANTONIO 12 0	230.00	-98.406811	29.585862
6037	SAN ANTONIO 12 1	115.00	-98.406811	29.585862
6038	AUSTIN 3 0	500.00	-97.784408	30.293424
6039	AUSTIN 3 1	230.00	-97.784408	30.293424
6040	AUSTIN 3 2	115.00	-97.784408	30.293424
6041	AUSTIN 3 3	13.80	-97.784408	30.293424
6042	AUSTIN 3 4	13.80	-97.784408	30.293424
6043	SAN ANTONIO 48 0	115.00	-98.676785	29.462006
6044	SAN ANTONIO 19 0	115.00	-98.459123	29.4151
6045	SAN ANTONIO 2 0	500.00	-98.6139	29.5889
6046	SAN ANTONIO 2 1	230.00	-98.6139	29.5889
6047	SAN ANTONIO 2 2	115.00	-98.6139	29.5889
6048	SAN ANTONIO 2 3	13.80	-98.6139	29.5889
6049	SAN ANTONIO 2 4	13.80	-98.6139	29.5889
6050	SAN ANTONIO 2 5	13.80	-98.6139	29.5889
6051	SAN ANTONIO 2 6	13.80	-98.6139	29.5889
6052	SAN ANTONIO 2 7	13.80	-98.6139	29.5889
6053	SAN ANTONIO 2 8	13.80	-98.6139	29.5889
6054	SAN ANTONIO 2 9	13.80	-98.6139	29.5889
6055	BERGHEIM 0	115.00	-98.556446	29.903262
6056	NEW BRAUNFELS 2 0	500.00	-98.070726	29.696878
6057	NEW BRAUNFELS 2 1	230.00	-98.070726	29.696878
6058	NEW BRAUNFELS 2 2	115.00	-98.070726	29.696878
6059	D HANIS 0	115.00	-99.329182	29.285285
6060	SAN ANTONIO 24 0	115.00	-98.486728	29.697453
6061	AUSTIN 7 0	115.00	-97.673467	30.382481
6062	BRENHAM 0	500.00	-96.410272	30.215075
6063	BRENHAM 1	230.00	-96.410272	30.215075
6064	BRENHAM 2	115.00	-96.410272	30.215075
6065	BERTRAM 0	115.00	-98.04518	30.773295
6066	MARION 1 0	500.00	-98.1419	29.6244
6067	MARION 1 1	230.00	-98.1419	29.6244
6068	MARION 1 2	115.00	-98.1419	29.6244
6069	MARION 1 3	18.00	-98.1419	29.6244
6070	MARION 1 4	18.00	-98.1419	29.6244
6071	MARION 1 5	18.00	-98.1419	29.6244
6072	MARION 1 6	18.00	-98.1419	29.6244
6073	MARION 1 7	18.00	-98.1419	29.6244
6074	MARION 1 8	18.00	-98.1419	29.6244
6075	LA GRANGE 0	500.00	-96.7506	29.9172
6076	LA GRANGE 1	230.00	-96.7506	29.9172
6077	LA GRANGE 2	115.00	-96.7506	29.9172
6078	LA GRANGE 3	22.00	-96.7506	29.9172
6079	LA GRANGE 4	22.00	-96.7506	29.9172
6080	LA GRANGE 5	22.00	-96.7506	29.9172
6081	MARBLE FALLS 1 0	115.00	-98.257593	30.555288
6082	MARBLE FALLS 1 1	13.80	-98.257593	30.555288
6083	MARBLE FALLS 1 2	13.80	-98.257593	30.555288
6084	ROUND ROCK 1 0	115.00	-97.690286	30.557044
6085	ROUND ROCK 1 1	13.80	-97.690286	30.557044
6086	ROUND ROCK 1 2	13.80	-97.690286	30.557044
6087	ROUND ROCK 1 3	13.80	-97.690286	30.557044
6088	ROUND ROCK 1 4	13.80	-97.690286	30.557044
6089	ROUND ROCK 1 5	13.80	-97.690286	30.557044
6090	ROUND ROCK 1 6	13.80	-97.690286	30.557044
6091	WIMBERLEY 0	115.00	-98.142776	30.034449
6092	GONZALES 0	115.00	-97.448924	29.476954
6093	SAN ANTONIO 11 0	115.00	-98.401812	29.690514
6094	SAN ANTONIO 14 0	115.00	-98.427068	29.627214
6095	HUTTO 0	115.00	-97.546124	30.560042
6096	LULING 0	115.00	-97.470663	29.69611
6097	SAN ANTONIO 21 0	115.00	-98.474585	29.588638
6098	AUSTIN 12 0	115.00	-97.706853	30.38798
6099	SAN ANTONIO 15 0	115.00	-98.438554	29.460597
6100	ADKINS 0	115.00	-98.238308	29.353553
6101	WINCHESTER 0	500.00	-96.9875	30.0381
6102	WINCHESTER 1	230.00	-96.9875	30.0381
6103	WINCHESTER 2	115.00	-96.9875	30.0381
6104	WINCHESTER 3	13.80	-96.9875	30.0381
6105	WINCHESTER 4	13.80	-96.9875	30.0381
6106	WINCHESTER 5	13.80	-96.9875	30.0381
6107	ROCKDALE 1 0	500.00	-97.064032	30.565871
6108	ROCKDALE 1 1	230.00	-97.064032	30.565871
6109	ROCKDALE 1 2	115.00	-97.064032	30.565871
6110	ROCKDALE 1 3	13.80	-97.064032	30.565871
6111	ROCKDALE 1 4	13.80	-97.064032	30.565871
6112	NATALIA 0	115.00	-98.842165	29.1998
6113	AUSTIN 20 0	115.00	-97.742589	30.270569
6114	SAN ANTONIO 43 0	115.00	-98.617755	29.471464
6115	SAN ANTONIO 5 0	115.00	-98.360283	29.556038
6116	TAYLOR 0	115.00	-97.384111	30.465454
6117	SMITHVILLE 0	115.00	-97.182148	30.013899
6118	CEDAR PARK 0	500.00	-97.8242	30.503949
6119	CEDAR PARK 1	230.00	-97.8242	30.503949
6120	CEDAR PARK 2	115.00	-97.8242	30.503949
6121	SAN ANTONIO 25 0	115.00	-98.487882	29.537264
6122	HALLETTSVILLE 0	115.00	-96.836189	29.380036
6123	AUSTIN 5 0	115.00	-97.644682	30.355657
6124	NEW BRAUNFELS 3 0	115.00	-98.190462	29.758823
6125	SUTHERLAND SPRINGS 0	115.00	-98.057016	29.293499
6126	AUSTIN 34 0	115.00	-97.888662	30.178419
6127	CAMERON 0	115.00	-96.907601	30.891129
6128	SAN ANTONIO 35 0	115.00	-98.531136	29.305467
6129	MEDINA 0	115.00	-99.316592	29.678291
6130	MANCHACA 0	115.00	-97.874687	30.132806
6131	SPRING BRANCH 0	115.00	-98.390967	29.89476
6132	AUSTIN 19 0	115.00	-97.740167	30.32223
6133	FLATONIA 0	115.00	-97.15845	29.727617
6134	GRANGER 0	115.00	-97.413885	30.710857
6135	FAYETTEVILLE 0	115.00	-96.699188	30.043016
6136	GEORGETOWN 2 0	115.00	-97.753177	30.647924
6137	AUSTIN 35 0	115.00	-97.895023	30.377889
6138	PIPE CREEK 0	115.00	-98.911216	29.689692
6139	RED ROCK 0	115.00	-97.357996	29.844013
6140	JARRELL 0	115.00	-97.502485	30.818633
6141	SAN ANTONIO 1 0	500.00	-98.3433	29.4289
6142	SAN ANTONIO 1 1	230.00	-98.3433	29.4289
6143	SAN ANTONIO 1 2	115.00	-98.3433	29.4289
6144	SAN ANTONIO 1 3	13.80	-98.3433	29.4289
6145	SAN ANTONIO 1 4	13.80	-98.3433	29.4289
6146	SAN ANTONIO 1 5	13.80	-98.3433	29.4289
6147	SAN ANTONIO 1 6	13.80	-98.3433	29.4289
6148	SAN ANTONIO 1 7	13.80	-98.3433	29.4289
6149	SAN ANTONIO 1 8	13.80	-98.3433	29.4289
6150	SAN ANTONIO 36 0	115.00	-98.556564	29.545289
6151	SCHULENBURG 0	115.00	-96.933605	29.686278
6152	SAN ANTONIO 22 0	230.00	-98.479052	29.27828
6153	SAN ANTONIO 22 1	115.00	-98.479052	29.27828
6154	DRIPPING SPRINGS 0	115.00	-98.134815	30.224134
6155	SAN ANTONIO 26 0	115.00	-98.492701	29.200063
6156	MARBLE FALLS 3 0	115.00	-98.208732	30.581216
6157	BOERNE 1 0	115.00	-98.65027	29.747683
6158	WASHINGTON 0	115.00	-96.189365	30.286936
6159	SCHERTZ 0	115.00	-98.262642	29.547068
6160	AUSTIN 8 0	115.00	-97.683557	30.269969
6161	SEGUIN 1 0	500.00	-97.973215	29.593056
6162	SEGUIN 1 1	230.00	-97.973215	29.593056
6163	SEGUIN 1 2	115.00	-97.973215	29.593056
6164	SEGUIN 1 3	13.80	-97.973215	29.593056
6165	SEGUIN 1 4	13.80	-97.973215	29.593056
6166	SEGUIN 1 5	13.80	-97.973215	29.593056
6167	SEGUIN 1 6	13.80	-97.973215	29.593056
6168	SAN ANTONIO 45 0	115.00	-98.630303	29.406624
6169	SAN ANTONIO 52 0	500.00	-98.886655	29.357251
6170	SAN ANTONIO 52 1	230.00	-98.886655	29.357251
6171	SAN ANTONIO 52 2	115.00	-98.886655	29.357251
6172	CUERO 2 0	230.00	-97.282413	29.097035
6173	CUERO 2 1	115.00	-97.282413	29.097035
6174	SAN ANTONIO 10 0	115.00	-98.397127	29.49163
6175	AUSTIN 16 0	115.00	-97.731003	30.282173
6176	AUSTIN 39 0	115.00	-98.033573	30.111915
6177	SAN ANTONIO 51 0	230.00	-98.734752	29.537782
6178	SAN ANTONIO 51 1	115.00	-98.734752	29.537782
6179	SAN ANTONIO 41 0	115.00	-98.583454	29.660485
6180	LA VERNIA 0	115.00	-98.10703	29.350393
6181	MANOR 0	115.00	-97.523512	30.339696
6182	SAN ANTONIO 38 0	115.00	-98.570052	29.342535
6183	GIDDINGS 0	115.00	-96.923038	30.167624
6184	AUSTIN 32 0	115.00	-97.86919	30.268138
6185	AUSTIN 38 0	115.00	-97.959435	30.261084
6186	AUSTIN 30 0	115.00	-97.840085	30.430749
6187	AUSTIN 28 0	115.00	-97.802545	30.418557
6188	COLUMBUS 0	230.00	-96.42546	29.695979
6189	COLUMBUS 1	115.00	-96.42546	29.695979
6190	SHINER 0	115.00	-97.083825	29.5649
6191	SAN ANTONIO 3 0	115.00	-98.33912	29.6562
6192	CALDWELL 0	230.00	-96.676232	30.541565
6193	CALDWELL 1	115.00	-96.676232	30.541565
6194	AUSTIN 18 0	115.00	-97.739969	30.126966
6195	INDUSTRY 0	115.00	-96.451051	30.024253
6196	DALE 0	115.00	-97.568294	29.940066
6197	SAN ANTONIO 37 0	500.00	-98.569451	29.501708
6198	SAN ANTONIO 37 1	230.00	-98.569451	29.501708
6199	SAN ANTONIO 37 2	115.00	-98.569451	29.501708
6200	SAN ANTONIO 18 0	115.00	-98.458718	29.43993
6201	SAN ANTONIO 33 0	115.00	-98.526019	29.387986
6202	MARTINDALE 0	115.00	-97.785202	29.659595
6203	SAN ANTONIO 17 0	115.00	-98.456235	29.488906
6204	SAN ANTONIO 23 0	115.00	-98.480515	29.44123
6205	AUSTIN 29 0	115.00	-97.823998	30.16711
6206	LEXINGTON 0	115.00	-96.840158	30.354823
6207	LEANDER 2 0	115.00	-97.971806	30.449996
6208	AUSTIN 15 0	115.00	-97.717796	30.429937
6209	MICO 0	115.00	-98.853494	29.501055
6210	MARBLE FALLS 2 0	500.00	-98.3384	30.556
6211	MARBLE FALLS 2 1	230.00	-98.3384	30.556
6212	MARBLE FALLS 2 2	115.00	-98.3384	30.556
6213	MARBLE FALLS 2 3	13.80	-98.3384	30.556
6214	MARBLE FALLS 2 4	13.80	-98.3384	30.556
6215	MARBLE FALLS 2 5	13.80	-98.3384	30.556
6216	MARBLE FALLS 2 6	13.80	-98.3384	30.556
6217	AUSTIN 36 0	115.00	-97.951209	30.37835
6218	LOCKHART 0	115.00	-97.676772	29.871471
6219	AUSTIN 17 0	115.00	-97.732571	30.351538
6220	SAN ANTONIO 13 0	115.00	-98.415198	29.538074
6221	FALLS CITY 0	115.00	-98.240425	28.867033
6222	AUSTIN 27 0	230.00	-97.79742	30.206844
6223	AUSTIN 27 1	115.00	-97.79742	30.206844
6224	AUSTIN 23 0	115.00	-97.761064	30.402654
6225	SAN ANTONIO 27 0	115.00	-98.493653	29.464611
6226	BLANCO 0	115.00	-98.566548	30.182914
6227	AUSTIN 24 0	115.00	-97.765081	30.243032
6228	SAN MARCOS 0	500.00	-97.966164	29.880162
6229	SAN MARCOS 1	230.00	-97.966164	29.880162
6230	SAN MARCOS 2	115.00	-97.966164	29.880162
6231	BUDA 0	115.00	-97.838012	30.078514
6232	DEL VALLE 0	115.00	-97.607312	30.150985
6233	AUSTIN 4 0	115.00	-97.617767	30.297099
6234	SAN ANTONIO 50 0	500.00	-98.730674	29.400889
6235	SAN ANTONIO 50 1	230.00	-98.730674	29.400889
6236	SAN ANTONIO 50 2	115.00	-98.730674	29.400889
6237	BURLINGTON 0	115.00	-97.12069	31.020832
6238	AUSTIN 13 0	115.00	-97.714082	30.230475
6239	ELMENDORF 0	500.00	-98.3825	29.2567
6240	ELMENDORF 1	230.00	-98.3825	29.2567
6241	ELMENDORF 2	115.00	-98.3825	29.2567
6242	ELMENDORF 3	13.80	-98.3825	29.2567
6243	ELMENDORF 4	13.80	-98.3825	29.2567
6244	ELMENDORF 5	13.80	-98.3825	29.2567
6245	ELMENDORF 6	13.80	-98.3825	29.2567
6246	ELMENDORF 7	13.80	-98.3825	29.2567
6247	ELMENDORF 8	13.80	-98.3825	29.2567
6248	ELMENDORF 9	13.80	-98.3825	29.2567
6249	ELMENDORF 10	13.80	-98.3825	29.2567
6250	SAN ANTONIO 6 0	115.00	-98.362961	29.518637
6251	CANYON LAKE 0	115.00	-98.228231	29.971139
6252	JOHNSON CITY 0	115.00	-98.359569	30.402261
6253	YORKTOWN 0	115.00	-97.428562	28.857734
6254	AUSTIN 2 0	500.00	-97.6129	30.2098
6255	AUSTIN 2 1	230.00	-97.6129	30.2098
6256	AUSTIN 2 2	115.00	-97.6129	30.2098
6257	AUSTIN 2 3	13.80	-97.6129	30.2098
6258	AUSTIN 2 4	13.80	-97.6129	30.2098
6259	AUSTIN 2 5	13.80	-97.6129	30.2098
6260	AUSTIN 2 6	13.80	-97.6129	30.2098
6261	LACKLAND A F B 0	115.00	-98.618734	29.391283
6262	LIBERTY HILL 0	115.00	-97.941426	30.69088
6263	KENEDY 0	230.00	-97.894958	28.733411
6264	KENEDY 1	115.00	-97.894958	28.733411
6265	CUERO 1 0	115.00	-97.311236	29.129714
6266	CUERO 1 1	13.80	-97.311236	29.129714
6267	CUERO 1 2	13.80	-97.311236	29.129714
6268	CUERO 1 3	13.80	-97.311236	29.129714
6269	CUERO 1 4	13.80	-97.311236	29.129714
6270	CUERO 1 5	13.80	-97.311236	29.129714
6271	CUERO 1 6	13.80	-97.311236	29.129714
6272	CUERO 1 7	13.80	-97.311236	29.129714
6273	CUERO 1 8	13.80	-97.311236	29.129714
6274	CUERO 1 9	13.80	-97.311236	29.129714
6275	SAN ANTONIO 20 0	115.00	-98.464401	29.395776
6276	VON ORMY 0	115.00	-98.622442	29.243915
6277	KYLE 0	230.00	-97.807296	29.904758
6278	KYLE 1	115.00	-97.807296	29.904758
6279	SEGUIN 2 0	230.00	-97.937078	29.54277
6280	SEGUIN 2 1	115.00	-97.937078	29.54277
6281	UNIVERSAL CITY 0	115.00	-98.277499	29.525969
6282	SPICEWOOD 0	115.00	-98.112655	30.430044
6283	SAINT HEDWIG 0	115.00	-98.205116	29.43659
6284	SAN ANTONIO 16 0	115.00	-98.443874	29.345246
6285	BOERNE 2 0	230.00	-98.706275	29.859217
6286	BOERNE 2 1	115.00	-98.706275	29.859217
6287	SAN ANTONIO 32 0	230.00	-98.525943	29.422404
6288	SAN ANTONIO 32 1	115.00	-98.525943	29.422404
6289	AUSTIN 26 0	115.00	-97.768136	30.348236
6290	AUSTIN 21 0	115.00	-97.748312	30.492379
6291	SAN ANTONIO 44 0	115.00	-98.624048	29.624725
6292	CEDAR CREEK 1 0	500.00	-97.55	30.1458
6293	CEDAR CREEK 1 1	230.00	-97.55	30.1458
6294	CEDAR CREEK 1 2	115.00	-97.55	30.1458
6295	CEDAR CREEK 1 3	13.80	-97.55	30.1458
6296	CEDAR CREEK 1 4	13.80	-97.55	30.1458
6297	CEDAR CREEK 1 5	13.80	-97.55	30.1458
6298	NEW BRAUNFELS 1 0	500.00	-98.0228	29.7372
6299	NEW BRAUNFELS 1 1	230.00	-98.0228	29.7372
6300	NEW BRAUNFELS 1 2	115.00	-98.0228	29.7372
6301	NEW BRAUNFELS 1 3	22.00	-98.0228	29.7372
6302	NEW BRAUNFELS 1 4	22.00	-98.0228	29.7372
6303	NEW BRAUNFELS 1 5	22.00	-98.0228	29.7372
6304	NEW BRAUNFELS 1 6	22.00	-98.0228	29.7372
6305	NEW BRAUNFELS 1 7	22.00	-98.0228	29.7372
6306	AUSTIN 11 0	115.00	-97.704294	30.331818
6307	SAN ANTONIO 39 0	115.00	-98.570938	29.421133
6308	HONDO 0	230.00	-99.141134	29.427375
6309	HONDO 1	115.00	-99.141134	29.427375
6310	SAN ANTONIO 4 0	115.00	-98.348083	29.474147
6311	NEW ULM 0	115.00	-96.686537	29.806557
6312	SAN ANTONIO 8 0	115.00	-98.387361	29.44665
6313	AUSTIN 33 0	115.00	-97.884751	30.321025
6314	BULVERDE 0	115.00	-98.453225	29.769466
6315	GEORGETOWN 3 0	230.00	-97.809699	30.841795
6316	GEORGETOWN 3 1	161.00	-97.809699	30.841795
6317	GEORGETOWN 3 2	161.00	-97.809699	30.841795
6318	GEORGETOWN 3 3	161.00	-97.809699	30.841795
6319	GEORGETOWN 3 4	115.00	-97.809699	30.841795
6320	SAN ANTONIO 9 0	115.00	-98.394314	29.418151
6321	FLORESVILLE 0	230.00	-98.080406	29.073446
6322	FLORESVILLE 1	115.00	-98.080406	29.073446
6323	SAN ANTONIO 29 0	115.00	-98.505028	29.404404
6324	SAN ANTONIO 7 0	115.00	-98.371889	29.35494
6325	BUCKHOLTS 0	115.00	-97.148898	30.852653
6326	SOMERVILLE 0	115.00	-96.438114	30.471301
6327	WEIMAR 0	115.00	-96.652467	29.488624
6328	COMFORT 0	115.00	-98.904706	29.972312
6329	NORDHEIM 0	115.00	-97.632623	28.914138
6330	AUSTIN 9 0	115.00	-97.684275	30.183798
6331	AUSTIN 22 0	115.00	-97.755344	30.458396
6332	HELOTES 0	115.00	-98.746764	29.609914
6333	SAN ANTONIO 47 0	500.00	-98.664636	29.503453
6334	SAN ANTONIO 47 1	230.00	-98.664636	29.503453
6335	SAN ANTONIO 47 2	115.00	-98.664636	29.503453
6336	BANDERA 0	115.00	-99.095171	29.707222
6337	SAN ANTONIO 30 0	115.00	-98.52303	29.516401
6338	ROCKDALE 2 0	115.00	-96.83055	30.700385
6339	CEDAR CREEK 2 0	115.00	-97.495104	30.094098
6340	NIXON 0	115.00	-97.735834	29.428917
6341	CHAPPELL HILL 0	115.00	-96.258442	30.1223
6342	ROUND ROCK 3 0	500.00	-97.647206	30.501747
6343	ROUND ROCK 3 1	230.00	-97.647206	30.501747
6344	ROUND ROCK 3 2	115.00	-97.647206	30.501747
6345	AUSTIN 14 0	115.00	-97.714696	30.289963
6346	LEMING 0	115.00	-98.48181	29.070547
6349	AUSTIN 1 0	500.00	-97.842586	30.397351
6350	AUSTIN 1 1	230.00	-97.842586	30.397351
6351	AUSTIN 1 2	115.00	-97.842586	30.397351
6352	SAN ANTONIO 28 0	115.00	-98.497426	29.634097
6353	ROUND ROCK 2 0	115.00	-97.64559	30.543356
6354	ROUND ROCK 4 0	230.00	-97.725618	30.534355
6355	ROUND ROCK 4 1	115.00	-97.725618	30.534355
6356	SAN ANTONIO 34 0	115.00	-98.528889	29.468413
6357	DEVINE 0	115.00	-99.168888	29.135837
6358	GEORGETOWN 1 0	115.00	-97.618195	30.659122
6359	BURNET 0	230.00	-98.283025	30.800718
6360	BURNET 1	115.00	-98.283025	30.800718
7001	INEZ 0	115.00	-96.889623	28.83905
7002	PASADENA 2 0	500.00	-95.176479	29.72475
7003	PASADENA 2 1	230.00	-95.176479	29.72475
7004	PASADENA 2 2	115.00	-95.176479	29.72475
7005	PASADENA 2 3	13.80	-95.176479	29.72475
7006	PASADENA 2 4	13.80	-95.176479	29.72475
7007	PASADENA 2 5	13.80	-95.176479	29.72475
7008	PASADENA 2 6	13.80	-95.176479	29.72475
7009	PASADENA 2 7	13.80	-95.176479	29.72475
7010	PRAIRIE VIEW 0	115.00	-95.990493	30.086834
7011	CONROE 1 0	115.00	-95.312397	30.28584
7012	SIMONTON 0	115.00	-95.95226	29.687606
7013	HOUSTON 80 0	115.00	-95.572835	29.97967
7014	HOUSTON 1 0	115.00	-95.2539	29.8108
7015	HOUSTON 1 1	18.00	-95.2539	29.8108
7016	HOUSTON 9 0	115.00	-95.14904	29.832928
7017	HOUSTON 73 0	115.00	-95.522964	29.815893
7018	NURSERY 0	500.00	-97.135	28.8947
7019	NURSERY 1	230.00	-97.135	28.8947
7020	NURSERY 2	115.00	-97.135	28.8947
7021	NURSERY 3	18.00	-97.135	28.8947
7022	NURSERY 4	18.00	-97.135	28.8947
7023	NURSERY 5	18.00	-97.135	28.8947
7024	NURSERY 6	18.00	-97.135	28.8947
7025	NURSERY 7	18.00	-97.135	28.8947
7026	BACLIFF 0	115.00	-94.987247	29.507162
7027	SPRING 1 0	115.00	-95.356377	30.100394
7028	HOUSTON 72 0	115.00	-95.521183	29.652393
7029	PORT LAVACA 0	230.00	-96.8333	28.5707
7030	PORT LAVACA 1	115.00	-96.8333	28.5707
7031	PORT LAVACA 2	13.80	-96.8333	28.5707
7032	PORT LAVACA 3	13.80	-96.8333	28.5707
7033	PORT LAVACA 4	13.80	-96.8333	28.5707
7034	PORT LAVACA 5	13.80	-96.8333	28.5707
7035	CONROE 5 0	230.00	-95.438548	30.307375
7036	CONROE 5 1	115.00	-95.438548	30.307375
7037	SUGAR LAND 3 0	500.00	-95.708089	29.670004
7038	SUGAR LAND 3 1	230.00	-95.708089	29.670004
7039	SUGAR LAND 3 2	115.00	-95.708089	29.670004
7040	DAYTON 0	230.00	-94.921994	30.054436
7041	DAYTON 1	115.00	-94.921994	30.054436
7042	VICTORIA 2 0	500.00	-97.01	28.7883
7043	VICTORIA 2 1	230.00	-97.01	28.7883
7044	VICTORIA 2 2	115.00	-97.01	28.7883
7045	VICTORIA 2 3	20.00	-97.01	28.7883
7046	VICTORIA 2 4	20.00	-97.01	28.7883
7047	KATY 1 0	500.00	-95.733756	29.837561
7048	KATY 1 1	230.00	-95.733756	29.837561
7049	KATY 1 2	115.00	-95.733756	29.837561
7050	MAGNOLIA 2 0	115.00	-95.74926	30.156257
7051	HOUSTON 29 0	115.00	-95.341409	29.8634
7052	MISSOURI CITY 1 0	115.00	-95.515549	29.600434
7053	RICHMOND 1 0	115.00	-95.680186	29.482678
7054	HOUSTON 11 0	115.00	-95.180595	29.906619
7055	HOUSTON 33 0	115.00	-95.363752	29.724893
7056	SPRING 8 0	230.00	-95.548211	30.194985
7057	SPRING 8 1	115.00	-95.548211	30.194985
7058	POINT COMFORT 2 0	500.00	-96.5417	28.6917
7059	POINT COMFORT 2 1	230.00	-96.5417	28.6917
7060	POINT COMFORT 2 2	115.00	-96.5417	28.6917
7061	POINT COMFORT 2 3	13.80	-96.5417	28.6917
7062	POINT COMFORT 2 4	13.80	-96.5417	28.6917
7063	POINT COMFORT 2 5	13.80	-96.5417	28.6917
7064	POINT COMFORT 2 6	13.80	-96.5417	28.6917
7065	POINT COMFORT 2 7	13.80	-96.5417	28.6917
7066	POINT COMFORT 2 8	13.80	-96.5417	28.6917
7067	HOUSTON 28 0	115.00	-95.341182	29.911171
7068	EL CAMPO 0	230.00	-96.280585	29.212328
7069	EL CAMPO 1	115.00	-96.280585	29.212328
7070	HOUSTON 12 0	115.00	-95.191192	29.619365
7071	PORT O CONNOR 0	115.00	-96.491788	28.444644
7072	DICKINSON 0	115.00	-95.031051	29.456766
7073	GALVESTON 1 0	230.00	-94.775768	29.310535
7074	GALVESTON 1 1	115.00	-94.775768	29.310535
7075	HOUSTON 10 0	115.00	-95.173121	29.76393
7076	BAYTOWN 2 0	500.00	-94.9019	29.7731
7077	BAYTOWN 2 1	230.00	-94.9019	29.7731
7078	BAYTOWN 2 2	115.00	-94.9019	29.7731
7079	BAYTOWN 2 3	13.80	-94.9019	29.7731
7080	BAYTOWN 2 4	13.80	-94.9019	29.7731
7081	BAYTOWN 2 5	13.80	-94.9019	29.7731
7082	BAYTOWN 2 6	13.80	-94.9019	29.7731
7083	LEAGUE CITY 0	230.00	-95.087307	29.50379
7084	LEAGUE CITY 1	115.00	-95.087307	29.50379
7085	LIVERPOOL 0	115.00	-95.28151	29.284543
7086	HOUSTON 16 0	115.00	-95.256251	29.759665
7087	SUGAR LAND 1 0	115.00	-95.605693	29.620312
7088	RICHMOND 2 0	115.00	-95.794526	29.64609
7089	HOUSTON 82 0	115.00	-95.583634	29.812687
7090	PINEHURST 0	115.00	-95.669154	30.160534
7091	PEARLAND 2 0	115.00	-95.350068	29.545325
7092	HOUSTON 47 0	115.00	-95.416098	29.734813
7093	HOUSTON 79 0	115.00	-95.560254	29.741325
7094	HOUSTON 49 0	115.00	-95.426267	29.826448
7095	WADSWORTH 0	500.00	-96.0481	28.795
7096	WADSWORTH 1	230.00	-96.0481	28.795
7097	WADSWORTH 2	115.00	-96.0481	28.795
7098	WADSWORTH 3	13.80	-96.0481	28.795
7099	WADSWORTH 4	13.80	-96.0481	28.795
7100	HOUSTON 18 0	115.00	-95.274137	29.718525
7101	HOUSTON 88 0	115.00	-95.649627	29.694472
7102	TOMBALL 1 0	115.00	-95.585826	30.094886
7103	HOUSTON 22 0	115.00	-95.30891	29.743564
7104	DEER PARK 0	500.00	-95.128856	29.723185
7105	DEER PARK 1	230.00	-95.128856	29.723185
7106	DEER PARK 2	115.00	-95.128856	29.723185
7107	DEER PARK 3	24.00	-95.128856	29.723185
7108	DEER PARK 4	24.00	-95.128856	29.723185
7109	DEER PARK 5	24.00	-95.128856	29.723185
7110	DEER PARK 6	24.00	-95.128856	29.723185
7111	DEER PARK 7	24.00	-95.128856	29.723185
7112	DEER PARK 8	24.00	-95.128856	29.723185
7113	DEER PARK 9	24.00	-95.128856	29.723185
7114	DEER PARK 10	24.00	-95.128856	29.723185
7115	DEER PARK 11	24.00	-95.128856	29.723185
7116	WALLIS 0	115.00	-96.055105	29.632734
7117	HOUSTON 67 0	115.00	-95.489993	29.917695
7118	SPRING 4 0	115.00	-95.470689	30.059307
7119	SOUTH HOUSTON 0	115.00	-95.229784	29.661032
7120	HOUSTON 3 0	115.00	-95.638249	29.726017
7121	HOUSTON 3 1	18.00	-95.638249	29.726017
7122	HOUSTON 3 2	18.00	-95.638249	29.726017
7123	SEADRIFT 0	115.00	-96.574173	28.429626
7124	HOUSTON 34 0	115.00	-95.36759	29.795344
7125	SUGAR LAND 2 0	500.00	-95.636016	29.566996
7126	SUGAR LAND 2 1	230.00	-95.636016	29.566996
7127	SUGAR LAND 2 2	115.00	-95.636016	29.566996
7128	CONROE 7 0	115.00	-95.505008	30.324546
7129	LOLITA 0	115.00	-96.521612	28.833262
7130	LAPORTE 0	500.00	-95.059827	29.726775
7131	LAPORTE 1	230.00	-95.059827	29.726775
7132	LAPORTE 2	115.00	-95.059827	29.726775
7133	LAPORTE 3	13.80	-95.059827	29.726775
7134	LAPORTE 4	13.80	-95.059827	29.726775
7135	LAPORTE 5	13.80	-95.059827	29.726775
7136	LAPORTE 6	13.80	-95.059827	29.726775
7137	LAPORTE 7	13.80	-95.059827	29.726775
7138	LAPORTE 8	13.80	-95.059827	29.726775
7139	LAPORTE 9	13.80	-95.059827	29.726775
7140	LAPORTE 10	13.80	-95.059827	29.726775
7141	LAPORTE 11	13.80	-95.059827	29.726775
7142	LAPORTE 12	13.80	-95.059827	29.726775
7143	NEW CANEY 0	115.00	-95.189761	30.161219
7144	HOUSTON 14 0	115.00	-95.252393	29.689824
7145	HOUSTON 2 0	115.00	-95.2422	29.9522
7146	HOUSTON 2 1	13.80	-95.2422	29.9522
7147	HOUSTON 78 0	115.00	-95.54623	29.652205
7148	HOUSTON 40 0	115.00	-95.392527	29.89036
7149	BLOOMINGTON 0	115.00	-96.794157	28.695562
7150	WILLIS 2 0	230.00	-95.363872	30.471374
7151	WILLIS 2 1	115.00	-95.363872	30.471374
7152	HOUSTON 51 0	115.00	-95.433346	29.733777
7153	PALACIOS 0	115.00	-96.189925	28.623423
7154	CONROE 4 0	115.00	-95.416291	30.188194
7155	HOUSTON 52 0	115.00	-95.434764	29.685706
7156	SPRING 2 0	230.00	-95.383966	30.062169
7157	SPRING 2 1	115.00	-95.383966	30.062169
7158	KINGWOOD 1 0	115.00	-95.157943	30.053105
7159	HOUSTON 5 0	500.00	-95.5306	29.9417
7160	HOUSTON 5 1	230.00	-95.5306	29.9417
7161	HOUSTON 5 2	115.00	-95.5306	29.9417
7162	HOUSTON 5 3	18.00	-95.5306	29.9417
7163	HOUSTON 5 4	18.00	-95.5306	29.9417
7164	HOUSTON 5 5	18.00	-95.5306	29.9417
7165	HOUSTON 5 6	18.00	-95.5306	29.9417
7166	HOUSTON 5 7	18.00	-95.5306	29.9417
7167	HOUSTON 5 8	18.00	-95.5306	29.9417
7168	HOUSTON 5 9	18.00	-95.5306	29.9417
7169	HOUSTON 5 10	18.00	-95.5306	29.9417
7170	HOUSTON 5 11	18.00	-95.5306	29.9417
7171	TEXAS CITY 1 0	230.00	-94.920149	29.391397
7172	TEXAS CITY 1 1	115.00	-94.920149	29.391397
7173	KINGWOOD 2 0	115.00	-95.221022	30.046777
7174	HOUSTON 8 0	115.00	-95.130613	29.573552
7175	SPRING 7 0	500.00	-95.528919	30.040876
7176	SPRING 7 1	230.00	-95.528919	30.040876
7177	SPRING 7 2	115.00	-95.528919	30.040876
7178	HOUSTON 41 0	115.00	-95.394872	29.934695
7179	FRESNO 0	115.00	-95.474615	29.537301
7180	HOUSTON 48 0	115.00	-95.416933	29.798249
7181	HOUSTON 58 0	115.00	-95.452619	29.881487
7182	PATTISON 0	115.00	-96.012215	29.792687
7183	HOUSTON 77 0	115.00	-95.534537	29.701847
7184	MISSOURI CITY 2 0	230.00	-95.558148	29.473418
7185	MISSOURI CITY 2 1	115.00	-95.558148	29.473418
7186	HOUSTON 4 0	500.00	-95.39536	29.721048
7187	HOUSTON 4 1	230.00	-95.39536	29.721048
7188	HOUSTON 4 2	115.00	-95.39536	29.721048
7189	HOUSTON 4 3	13.80	-95.39536	29.721048
7190	HOUSTON 4 4	13.80	-95.39536	29.721048
7191	HOUSTON 4 5	13.80	-95.39536	29.721048
7192	HOUSTON 4 6	13.80	-95.39536	29.721048
7193	HOUSTON 4 7	13.80	-95.39536	29.721048
7194	HOUSTON 4 8	13.80	-95.39536	29.721048
7195	HOUSTON 4 9	13.80	-95.39536	29.721048
7196	HOUSTON 4 10	13.80	-95.39536	29.721048
7197	HOUSTON 4 11	13.80	-95.39536	29.721048
7198	TOMBALL 2 0	115.00	-95.681504	30.061727
7199	CYPRESS 1 0	500.00	-95.669444	29.997775
7200	CYPRESS 1 1	230.00	-95.669444	29.997775
7201	CYPRESS 1 2	115.00	-95.669444	29.997775
7202	HEMPSTEAD 0	115.00	-96.065554	30.099931
7203	WEST COLUMBIA 0	115.00	-95.683469	29.155616
7204	BAYTOWN 1 0	500.00	-94.9139	29.6744
7205	BAYTOWN 1 1	230.00	-94.9139	29.6744
7206	BAYTOWN 1 2	115.00	-94.9139	29.6744
7207	BAYTOWN 1 3	18.00	-94.9139	29.6744
7208	BAYTOWN 1 4	18.00	-94.9139	29.6744
7209	BAYTOWN 1 5	18.00	-94.9139	29.6744
7210	BAYTOWN 1 6	18.00	-94.9139	29.6744
7211	BAYTOWN 1 7	18.00	-94.9139	29.6744
7212	BAYTOWN 1 8	18.00	-94.9139	29.6744
7213	SANTA FE 1 0	115.00	-95.032327	29.303555
7214	HOUSTON 27 0	115.00	-95.335133	29.66688
7215	SPRING 5 0	115.00	-95.50096	30.178248
7216	HOUSTON 46 0	115.00	-95.411083	29.771545
7217	HOUSTON 23 0	115.00	-95.314327	29.773179
7218	MONTGOMERY 0	115.00	-95.68639	30.306163
7219	HUNGERFORD 0	115.00	-96.085418	29.416447
7220	HOUSTON 84 0	115.00	-95.58599	29.670869
7221	HOUSTON 83 0	115.00	-95.584817	29.699688
7222	HOUSTON 24 0	115.00	-95.318275	29.721825
7223	HOUSTON 76 0	115.00	-95.531201	29.988446
7224	HOUSTON 43 0	115.00	-95.401748	29.706787
7225	HOUSTON 81 0	115.00	-95.580768	29.8586
7226	HOUSTON 35 0	115.00	-95.378696	29.656113
7227	HOUSTON 90 0	500.00	-95.65992	29.827486
7228	HOUSTON 90 1	230.00	-95.65992	29.827486
7229	HOUSTON 90 2	115.00	-95.65992	29.827486
7230	BEASLEY 0	115.00	-95.966234	29.464406
7231	HOUSTON 7 0	115.00	-95.11937	29.613602
7232	LA MARQUE 0	115.00	-94.980107	29.363162
7233	WALLER 0	115.00	-95.932264	30.079593
7234	PORTER 0	115.00	-95.297121	30.106685
7235	CYPRESS 2 0	115.00	-95.74763	29.93433
7236	HOUSTON 30 0	115.00	-95.353412	29.987805
7237	FULSHEAR 0	115.00	-95.955277	29.592427
7238	LIBERTY 0	115.00	-94.733441	30.075658
7239	WINNIE 0	115.00	-94.603021	29.868546
7240	HOUSTON 63 0	115.00	-95.475296	29.653418
7241	HOUSTON 70 0	115.00	-95.511751	29.771225
7242	HOUSTON 55 0	115.00	-95.441194	29.918595
7243	CROSBY 0	115.00	-95.057187	29.932872
7244	MANVEL 0	115.00	-95.361402	29.481461
7245	HOUSTON 54 0	115.00	-95.438996	30.00824
7246	HOUSTON 89 0	115.00	-95.651234	29.909215
7247	DAMON 0	115.00	-95.667662	29.259878
7248	HOUSTON 74 0	115.00	-95.523292	29.736295
7249	HOUSTON 26 0	115.00	-95.328888	29.800187
7250	HOUSTON 32 0	115.00	-95.35981	29.753624
7251	HOCKLEY 0	115.00	-95.833733	30.047619
7252	ANGLETON 0	230.00	-95.450088	29.174921
7253	ANGLETON 1	115.00	-95.450088	29.174921
7254	CONROE 3 0	115.00	-95.37714	30.377954
7255	HOUSTON 39 0	115.00	-95.391302	29.74097
7256	HOUSTON 59 0	115.00	-95.460693	29.583542
7257	PEARLAND 1 0	115.00	-95.279739	29.561554
7258	HOUSTON 56 0	115.00	-95.446409	29.740079
7259	HOUSTON 13 0	115.00	-95.225601	29.586959
7260	CHANNELVIEW 2 0	115.00	-95.050891	29.832539
7261	BAY CITY 0	230.00	-95.83925	28.788479
7262	BAY CITY 1	115.00	-95.83925	28.788479
7263	PASADENA 3 0	500.00	-95.0458	29.6225
7264	PASADENA 3 1	230.00	-95.0458	29.6225
7265	PASADENA 3 2	115.00	-95.0458	29.6225
7266	PASADENA 3 3	13.80	-95.0458	29.6225
7267	PASADENA 3 4	13.80	-95.0458	29.6225
7268	PASADENA 3 5	13.80	-95.0458	29.6225
7269	PASADENA 3 6	13.80	-95.0458	29.6225
7270	PASADENA 3 7	13.80	-95.0458	29.6225
7271	BROOKSHIRE 0	115.00	-95.977102	29.848463
7272	HOUSTON 25 0	115.00	-95.324221	29.618714
7273	TEXAS CITY 2 0	115.00	-94.997254	29.399203
7274	VICTORIA 3 0	230.00	-97.198682	28.67673
7275	VICTORIA 3 1	115.00	-97.198682	28.67673
7276	HOUSTON 36 0	115.00	-95.379553	29.83159
7277	GANADO 0	115.00	-96.48981	29.020933
7278	MONT BELVIEU 0	230.00	-94.9197	29.8247
7279	MONT BELVIEU 1	115.00	-94.9197	29.8247
7280	MONT BELVIEU 2	13.80	-94.9197	29.8247
7281	MONT BELVIEU 3	13.80	-94.9197	29.8247
7282	BAYTOWN 3 0	230.00	-94.997277	29.753517
7283	BAYTOWN 3 1	115.00	-94.997277	29.753517
7284	BAYTOWN 3 2	13.20	-94.997277	29.753517
7285	BAYTOWN 3 3	13.20	-94.997277	29.753517
7286	BAYTOWN 3 4	13.20	-94.997277	29.753517
7287	BAYTOWN 3 5	13.20	-94.997277	29.753517
7288	BAYTOWN 3 6	13.20	-94.997277	29.753517
7289	BAYTOWN 3 7	13.20	-94.997277	29.753517
7290	SPRING 6 0	115.00	-95.517064	30.123428
7291	HUMBLE 2 0	115.00	-95.286217	30.017301
7292	HOUSTON 69 0	115.00	-95.503258	29.957234
7293	SANTA FE 2 0	115.00	-95.131078	29.364468
7294	PORT BOLIVAR 0	115.00	-94.520121	29.506866
7295	HOUSTON 42 0	115.00	-95.400207	29.999296
7296	HOUSTON 85 0	115.00	-95.603037	29.776093
7297	HOUSTON 50 0	115.00	-95.432889	29.635793
7298	HOUSTON 62 0	115.00	-95.474409	29.830024
7299	EAGLE LAKE 0	115.00	-96.384508	29.397447
7300	CONROE 2 0	115.00	-95.338811	30.221853
7301	WEBSTER 0	115.00	-95.1361	29.53864
7302	SWEENY 0	115.00	-95.734948	28.933093
7303	BLESSING 0	115.00	-96.353868	28.85788
7304	WHARTON 1 0	500.00	-96.0683	29.2878
7305	WHARTON 1 1	230.00	-96.0683	29.2878
7306	WHARTON 1 2	115.00	-96.0683	29.2878
7307	WHARTON 1 3	24.00	-96.0683	29.2878
7308	WHARTON 1 4	24.00	-96.0683	29.2878
7309	WHARTON 1 5	24.00	-96.0683	29.2878
7310	WHARTON 1 6	24.00	-96.0683	29.2878
7311	WHARTON 1 7	24.00	-96.0683	29.2878
7312	LAKE JACKSON 0	230.00	-95.475843	29.050464
7313	LAKE JACKSON 1	115.00	-95.475843	29.050464
7314	BELLVILLE 0	115.00	-96.252942	29.987117
7315	KATY 4 0	115.00	-95.831456	29.853215
7316	HOUSTON 38 0	115.00	-95.386863	29.61065
7317	FRIENDSWOOD 0	115.00	-95.192133	29.515074
7318	HOUSTON 17 0	115.00	-95.268939	29.62042
7319	HOUSTON 66 0	115.00	-95.488362	30.007063
7320	FREEPORT 1 0	500.00	-95.342	28.9802
7321	FREEPORT 1 1	230.00	-95.342	28.9802
7322	FREEPORT 1 2	115.00	-95.342	28.9802
7323	FREEPORT 1 3	13.80	-95.342	28.9802
7324	FREEPORT 1 4	13.80	-95.342	28.9802
7325	FREEPORT 1 5	13.80	-95.342	28.9802
7326	FREEPORT 1 6	13.80	-95.342	28.9802
7327	NEWGULF 0	230.00	-95.8997	29.2639
7328	NEWGULF 1	115.00	-95.8997	29.2639
7329	NEWGULF 2	13.80	-95.8997	29.2639
7330	HOUSTON 60 0	115.00	-95.460905	29.704019
7331	PASADENA 1 0	500.00	-95.210278	29.723333
7332	PASADENA 1 1	230.00	-95.210278	29.723333
7333	PASADENA 1 2	115.00	-95.210278	29.723333
7334	PASADENA 1 3	20.00	-95.210278	29.723333
7335	PASADENA 1 4	20.00	-95.210278	29.723333
7336	STAFFORD 0	115.00	-95.567968	29.62431
7337	EDNA 0	115.00	-96.689715	29.042415
7338	HOUSTON 21 0	115.00	-95.304159	29.685621
7339	NEEDVILLE 0	115.00	-95.807011	29.382583
7340	SEALY 0	115.00	-96.107713	29.795148
7341	KATY 3 0	500.00	-95.829571	29.74063
7342	KATY 3 1	230.00	-95.829571	29.74063
7343	KATY 3 2	115.00	-95.829571	29.74063
7344	HOUSTON 37 0	115.00	-95.382184	29.860021
7345	HOUSTON 19 0	115.00	-95.27663	29.647012
7346	THOMPSONS 0	500.00	-95.6311	29.4828
7347	THOMPSONS 1	230.00	-95.6311	29.4828
7348	THOMPSONS 2	115.00	-95.6311	29.4828
7349	THOMPSONS 3	13.80	-95.6311	29.4828
7350	THOMPSONS 4	13.80	-95.6311	29.4828
7351	THOMPSONS 5	13.80	-95.6311	29.4828
7352	THOMPSONS 6	13.80	-95.6311	29.4828
7353	THOMPSONS 7	13.80	-95.6311	29.4828
7354	THOMPSONS 8	13.80	-95.6311	29.4828
7355	THOMPSONS 9	13.80	-95.6311	29.4828
7356	THOMPSONS 10	13.80	-95.6311	29.4828
7357	THOMPSONS 11	13.80	-95.6311	29.4828
7358	THOMPSONS 12	13.80	-95.6311	29.4828
7359	THOMPSONS 13	13.80	-95.6311	29.4828
7360	THOMPSONS 14	13.80	-95.6311	29.4828
7361	THOMPSONS 15	13.80	-95.6311	29.4828
7362	HOUSTON 61 0	115.00	-95.468948	29.748202
7363	GALVESTON 3 0	115.00	-94.924652	29.253166
7364	EAST BERNARD 0	115.00	-96.218695	29.522218
7365	HOUSTON 20 0	115.00	-95.29998	29.862532
7366	CHANNELVIEW 1 0	500.00	-95.10773	29.8161
7367	CHANNELVIEW 1 1	230.00	-95.10773	29.8161
7368	CHANNELVIEW 1 2	115.00	-95.10773	29.8161
7369	CHANNELVIEW 1 3	18.00	-95.10773	29.8161
7370	CHANNELVIEW 1 4	18.00	-95.10773	29.8161
7371	CHANNELVIEW 1 5	18.00	-95.10773	29.8161
7372	CHANNELVIEW 1 6	18.00	-95.10773	29.8161
7373	CHANNELVIEW 1 7	18.00	-95.10773	29.8161
7374	CHANNELVIEW 1 8	18.00	-95.10773	29.8161
7375	CHANNELVIEW 1 9	18.00	-95.10773	29.8161
7376	CHANNELVIEW 1 10	18.00	-95.10773	29.8161
7377	CHANNELVIEW 1 11	18.00	-95.10773	29.8161
7378	CHANNELVIEW 1 12	18.00	-95.10773	29.8161
7379	CHANNELVIEW 1 13	18.00	-95.10773	29.8161
7380	FREEPORT 3 0	115.00	-95.278251	29.021218
7381	HOUSTON 15 0	115.00	-95.254076	29.852379
7382	HOUSTON 31 0	115.00	-95.3569	29.69843
7383	ROSHARON 0	115.00	-95.469968	29.381402
7384	HOUSTON 44 0	115.00	-95.404913	29.68025
7385	HOUSTON 75 0	115.00	-95.527099	29.874575
7386	HOUSTON 71 0	115.00	-95.515725	29.687947
7387	HUMBLE 1 0	115.00	-95.177499	29.994499
7388	HOUSTON 68 0	115.00	-95.49165	29.796871
7389	WILLIS 1 0	500.00	-95.5214	30.4356
7390	WILLIS 1 1	230.00	-95.5214	30.4356
7391	WILLIS 1 2	115.00	-95.5214	30.4356
7392	BAYTOWN 4 0	115.00	-94.865324	29.871693
7393	VAN VLECK 0	115.00	-95.94109	29.132669
7394	HUFFMAN 0	115.00	-95.098858	30.063168
7395	HOUSTON 53 0	115.00	-95.435966	29.853067
7396	HOUSTON 91 0	115.00	-95.681292	29.769285
7397	ROSENBERG 0	115.00	-95.861706	29.548404
7398	PASADENA 5 0	115.00	-95.18978	29.647916
7399	HOUSTON 45 0	115.00	-95.409498	29.75415
7400	HOUSTON 6 0	500.00	-95.219429	29.822201
7401	HOUSTON 6 1	230.00	-95.219429	29.822201
7402	HOUSTON 6 2	115.00	-95.219429	29.822201
7403	PASADENA 4 0	115.00	-95.140315	29.645644
7404	HOUSTON 57 0	115.00	-95.446609	29.952629
7405	GALVESTON 2 0	115.00	-94.83329	29.278188
7406	POINT COMFORT 1 0	500.00	-96.559997	28.652709
7407	POINT COMFORT 1 1	230.00	-96.559997	28.652709
7408	POINT COMFORT 1 2	115.00	-96.559997	28.652709
7409	KATY 2 0	230.00	-95.742143	29.745681
7410	KATY 2 1	115.00	-95.742143	29.745681
7411	SPRING 3 0	115.00	-95.46836	30.136972
7412	DANBURY 0	115.00	-95.314319	29.231528
7413	WHARTON 2 0	115.00	-96.191821	29.349096
7414	VICTORIA 1 0	500.00	-96.956014	28.675088
7415	VICTORIA 1 1	230.00	-96.956014	28.675088
7416	VICTORIA 1 2	115.00	-96.956014	28.675088
7417	HOUSTON 64 0	115.00	-95.479372	29.675339
7418	HOUSTON 65 0	115.00	-95.48615	29.620736
7419	LA PORTE 0	115.00	-95.040622	29.694838
7420	MAGNOLIA 1 0	230.00	-95.647214	30.216858
7421	MAGNOLIA 1 1	115.00	-95.647214	30.216858
7422	ALVIN 0	500.00	-95.1872	29.425
7423	ALVIN 1	230.00	-95.1872	29.425
7424	ALVIN 2	115.00	-95.1872	29.425
7425	HOUSTON 86 0	115.00	-95.603242	29.926556
7426	BRAZORIA 0	115.00	-95.558277	28.960572
7427	HOUSTON 87 0	115.00	-95.615384	29.750233
7428	FREEPORT 2 0	500.00	-95.407481	28.991289
7429	FREEPORT 2 1	230.00	-95.407481	28.991289
7430	FREEPORT 2 2	115.00	-95.407481	28.991289
7431	CONROE 6 0	115.00	-95.495681	30.233845
7432	MADISONVILLE 0	115.00	-95.905344	30.953672
8001	NORMANGEE 0	115.00	-96.13919	31.132442
8002	ARP 0	115.00	-95.077715	32.26754
8003	CENTERVILLE 0	115.00	-95.934344	31.136452
8004	LUFKIN 3 0	230.00	-94.82617	31.340783
8005	LUFKIN 3 1	115.00	-94.82617	31.340783
8006	FLINT 0	115.00	-95.413415	32.218325
8007	BULLARD 0	115.00	-95.347503	32.11274
8008	CHANDLER 0	115.00	-95.521442	32.271436
8009	PLANTERSVILLE 0	115.00	-95.84999	30.316397
8010	MARQUEZ 0	115.00	-96.22928	31.235882
8011	TENNESSEE COLONY 0	115.00	-95.980743	31.93201
8012	ANDERSON 0	115.00	-96.011435	30.527987
8013	MINEOLA 0	115.00	-95.424745	32.816432
8014	LOVELADY 0	115.00	-95.499937	31.092367
8015	HUNTINGTON 0	115.00	-94.509986	31.230511
8016	BRYAN 4 0	115.00	-96.322612	30.661252
8017	FRANKSTON 0	115.00	-95.418796	32.035939
8018	TYLER 4 0	230.00	-95.302223	32.321937
8019	TYLER 4 1	115.00	-95.302223	32.321937
8020	BEN WHEELER 0	115.00	-95.661983	32.427978
8021	GARRISON 0	115.00	-94.520617	31.81932
8022	ETOILE 0	115.00	-94.367277	31.465312
8023	LUFKIN 1 0	115.00	-94.743611	31.365833
8024	LUFKIN 1 1	13.80	-94.743611	31.365833
8025	PALESTINE 1 0	115.00	-95.484612	31.863226
8026	LINDALE 0	115.00	-95.435716	32.537897
8027	WHITEHOUSE 0	115.00	-95.220644	32.221577
8028	OVERTON 0	115.00	-94.936535	32.250339
8029	GRAND SALINE 0	115.00	-95.687531	32.646573
8030	SHIRO 0	500.00	-95.9178	30.5924
8031	SHIRO 1	230.00	-95.9178	30.5924
8032	SHIRO 2	115.00	-95.9178	30.5924
8033	SHIRO 3	13.80	-95.9178	30.5924
8034	SHIRO 4	13.80	-95.9178	30.5924
8035	SHIRO 5	13.80	-95.9178	30.5924
8036	SHIRO 6	13.80	-95.9178	30.5924
8037	MIDWAY 0	115.00	-95.715509	30.959521
8038	SULPHUR SPRINGS 0	115.00	-95.608219	33.167979
8039	VAN 0	115.00	-95.643977	32.535169
8040	MURCHISON 0	115.00	-95.643712	32.158557
8041	NACOGDOCHES 2 0	115.00	-94.628596	31.723329
8042	DIBOLL 0	115.00	-94.758734	31.186933
8043	FAIRFIELD 1 0	500.00	-96.1131	31.8907
8044	FAIRFIELD 1 1	230.00	-96.1131	31.8907
8045	FAIRFIELD 1 2	115.00	-96.1131	31.8907
8046	FAIRFIELD 1 3	18.00	-96.1131	31.8907
8047	FAIRFIELD 1 4	18.00	-96.1131	31.8907
8048	FAIRFIELD 1 5	18.00	-96.1131	31.8907
8049	FAIRFIELD 1 6	18.00	-96.1131	31.8907
8050	FAIRFIELD 1 7	18.00	-96.1131	31.8907
8051	FAIRFIELD 1 8	18.00	-96.1131	31.8907
8052	TYLER 8 0	115.00	-95.390814	32.304235
8053	ATHENS 1 0	115.00	-95.807608	32.244008
8054	BUFFALO 0	115.00	-96.009175	31.473728
8055	RUSK 0	115.00	-95.19267	31.779325
8056	WINONA 0	115.00	-95.106353	32.482238
8057	FAIRFIELD 2 0	500.00	-96.0544	31.8206
8058	FAIRFIELD 2 1	230.00	-96.0544	31.8206
8059	FAIRFIELD 2 2	115.00	-96.0544	31.8206
8060	FAIRFIELD 2 3	13.80	-96.0544	31.8206
8061	FAIRFIELD 2 4	13.80	-96.0544	31.8206
8062	CUSHING 2 0	115.00	-94.85434	31.796249
8063	NACOGDOCHES 3 0	115.00	-94.740721	31.631742
8064	FAIRFIELD 3 0	115.00	-96.093621	31.782559
8065	TRINIDAD 2 0	115.00	-96.11882	32.166584
8066	DIKE 0	115.00	-95.47242	33.261225
8067	JEWETT 1 0	500.00	-96.2525	31.4219
8068	JEWETT 1 1	230.00	-96.2525	31.4219
8069	JEWETT 1 2	115.00	-96.2525	31.4219
8070	JEWETT 1 3	13.80	-96.2525	31.4219
8071	JEWETT 1 4	13.80	-96.2525	31.4219
8072	PALESTINE 2 0	115.00	-95.813468	31.946003
8073	EMORY 0	115.00	-95.749061	32.880733
8074	MT. ENTERPRISE 0	500.00	-94.619743	32.017826
8075	MT. ENTERPRISE 1	230.00	-94.619743	32.017826
8076	MT. ENTERPRISE 2	115.00	-94.619743	32.017826
8077	MT. ENTERPRISE 3	13.80	-94.619743	32.017826
8078	MT. ENTERPRISE 4	13.80	-94.619743	32.017826
8079	MT. ENTERPRISE 5	13.80	-94.619743	32.017826
8080	MT. ENTERPRISE 6	13.80	-94.619743	32.017826
8081	TYLER 9 0	115.00	-95.443348	32.413107
8082	FRANKLIN 0	500.00	-96.4866	31.1803
8083	FRANKLIN 1	230.00	-96.4866	31.1803
8084	FRANKLIN 2	161.00	-96.4866	31.1803
8085	FRANKLIN 3	161.00	-96.4866	31.1803
8086	FRANKLIN 4	115.00	-96.4866	31.1803
8087	FRANKLIN 5	18.00	-96.4866	31.1803
8088	FRANKLIN 6	18.00	-96.4866	31.1803
8089	TYLER 3 0	115.00	-95.21307	32.418412
8090	ELKHART 0	115.00	-95.58334	31.606693
8091	WORTHAM 0	115.00	-96.433735	31.89348
8092	OAKWOOD 0	115.00	-95.863721	31.557267
8093	COOKVILLE 0	115.00	-94.857848	33.241961
8094	COLLEGE STATION 1 0	230.00	-96.272583	30.561385
8095	COLLEGE STATION 1 1	115.00	-96.272583	30.561385
8096	EDGEWOOD 0	115.00	-95.854461	32.715013
8097	CUSHING 1 0	230.00	-94.90064	31.832132
8098	CUSHING 1 1	115.00	-94.90064	31.832132
8099	CUSHING 1 2	13.80	-94.90064	31.832132
8100	TYLER 2 0	115.00	-95.177964	32.301523
8101	ALTO 0	115.00	-95.06209	31.61295
8102	CALVERT 0	115.00	-96.688981	31.003109
8103	JEWETT 2 0	115.00	-96.152778	31.32952
8104	NAVASOTA 0	115.00	-96.054766	30.369294
8105	MOUNT PLEASANT 2 0	230.00	-95.1615	33.334851
8106	MOUNT PLEASANT 2 1	115.00	-95.1615	33.334851
8107	SCROGGINS 0	115.00	-95.197098	33.024442
8108	WILLS POINT 0	115.00	-95.994666	32.703269
8109	ATHENS 2 0	115.00	-95.906047	32.094348
8110	POINT 0	115.00	-95.912936	32.989261
8111	LUFKIN 2 0	115.00	-94.641414	31.301706
8112	JACKSONVILLE 1 0	500.00	-94.989834	31.93985
8113	JACKSONVILLE 1 1	230.00	-94.989834	31.93985
8114	JACKSONVILLE 1 2	115.00	-94.989834	31.93985
8115	JACKSONVILLE 1 3	13.80	-94.989834	31.93985
8116	JACKSONVILLE 1 4	13.80	-94.989834	31.93985
8117	JACKSONVILLE 1 5	13.80	-94.989834	31.93985
8118	CROCKETT 0	115.00	-95.255739	31.188898
8119	HENDERSON 1 0	115.00	-94.704029	31.925449
8120	BRYAN 3 0	115.00	-96.312084	30.797736
8121	JACKSONVILLE 2 0	115.00	-95.25698	31.945137
8122	BRYAN 5 0	115.00	-96.548436	30.743004
8123	MALAKOFF 0	115.00	-96.01423	32.12747
8124	CUMBY 0	115.00	-95.803234	33.098096
8125	NACOGDOCHES 1 0	115.00	-94.527216	31.509051
8126	MOUNT PLEASANT 1 0	500.00	-95.0417	33.0917
8127	MOUNT PLEASANT 1 1	230.00	-95.0417	33.0917
8128	MOUNT PLEASANT 1 2	115.00	-95.0417	33.0917
8129	MOUNT PLEASANT 1 3	18.00	-95.0417	33.0917
8130	MOUNT PLEASANT 1 4	18.00	-95.0417	33.0917
8131	MOUNT PLEASANT 1 5	18.00	-95.0417	33.0917
8132	TEAGUE 0	115.00	-96.229757	31.4789
8133	TYLER 7 0	230.00	-95.321028	32.235066
8134	TYLER 7 1	115.00	-95.321028	32.235066
8135	TYLER 6 0	115.00	-95.315262	32.362434
8136	YANTIS 0	115.00	-95.568154	32.925093
8137	POLLOK 0	115.00	-95.126653	31.390774
8138	TYLER 1 0	115.00	-95.086688	32.362631
8139	COLLEGE STATION 2 0	230.00	-96.325984	30.609093
8140	COLLEGE STATION 2 1	115.00	-96.325984	30.609093
8141	HEARNE 0	115.00	-96.526934	30.871914
8142	MOUNT VERNON 0	115.00	-95.358602	33.176532
8143	IOLA 0	115.00	-96.096428	30.726087
8144	STREETMAN 0	115.00	-96.329922	31.76524
8145	COMO 0	115.00	-95.460935	33.01419
8146	HENDERSON 2 0	115.00	-94.728328	32.239409
8147	TRINIDAD 1 0	230.00	-96.101277	32.124519
8148	TRINIDAD 1 1	161.00	-96.101277	32.124519
8149	TRINIDAD 1 2	115.00	-96.101277	32.124519
8150	ZAVALLA 0	115.00	-94.375214	31.138382
8151	GRAPELAND 0	115.00	-95.481652	31.417425
8152	BRYAN 2 0	115.00	-96.372316	30.64741
8153	CANTON 0	115.00	-95.888865	32.518146
8154	TYLER 5 0	115.00	-95.307879	32.469555
8155	BREMOND 0	500.00	-96.69503	31.091925
8156	BREMOND 1	230.00	-96.69503	31.091925
8157	BREMOND 2	115.00	-96.69503	31.091925
8158	BRYAN 1 0	500.00	-96.4608	30.7217
8159	BRYAN 1 1	230.00	-96.4608	30.7217
8160	BRYAN 1 2	115.00	-96.4608	30.7217