0.879 0.876 0.873 0.862 0.86
0.859 0.862 0.861 0.877 0.864
0.903 0.873563 0.871 0.842 0.874
0.864 0.832 0.895552 0.844 0.849
0.8565715 0.859 0.884 0.824 0.829
0.83 0.804 0.846 0.775 0.808
0.888 0.88 0.643 0.918 0.982
0.899 0.661 0.808 0.855 0.848
0.863 0.852 0.843578 0.902 0.851
0.902 0.87 0.863568 0.859 0.859
0.315 0.8585705 0.881 0.88 0.866
0.772 0.86 0.863 0.767 0.877
0.768 0.869 0.681 0.843578 0.8
0.878 0.999 0.9385305 0.87 0.891
0.784 0.851574 0.8505745 0.863 0.897
0.896 0.899 0.865 0.798 0.807
0.9995 0.9995 0.957521 0.955522 0.9645175
0.099 0.553 0.009 0.87 0.898
0.854 0.823588 0.841 0.364 0.8625685
0.845577 0.845 0.868 0.84 0.84
0.8585705 0.8265865 0.741 0.833583 0.833
0.9145425 0.802 0.8405795 0.817591 0.825587
0.8325835 0.821589 0.83958 0.845577 0.553
0.8445775 0.359 0.893 0.887 0.594
0.84 0.884 0.49 0.875 0.843
0.861 0.878 0.876 0.868 0.853573
0.83958 0.8505745 0.863 0.868 0.861
0.863 0.869 0.854 0.876 0.853
0.862 0.862 0.857 0.848 0.851
0.867 0.881 0.863568 0.862 0.844
0.877 0.859 0.867 0.898 0.872
0.835 0.861 0.862 0.85 0.8745625
0.872 0.849 0.857 0.866 0.866
0.888 0.8585705 0.8425785 0.848 0.853
0.874 0.882 0.844 0.856 0.877
0.862 0.863 0.853 0.869 0.851
0.858 0.854 0.831 0.851 0.858
0.856 0.852 0.854 0.875 0.87
0.861 0.837 0.878 0.866 0.884
0.877 0.87 0.854 0.872 0.856
0.862 0.861569 0.872 0.86 0.845
0.862 0.866 0.854 0.873 0.868
0.844 0.868 0.84 0.878 0.863
0.856 0.869 0.867566 0.875562 0.862
0.844 0.8625685 0.867 0.863 0.876
0.8625685 0.867 0.861 0.854 0.867
0.868 0.86 0.869 0.8705645 0.873
0.864 0.867 0.866 0.847576 0.88
0.859 0.869565 0.881 0.85957 0.866
0.865 0.867 0.889 0.875 0.8545725
0.863568 0.85957 0.867566 0.859 0.847576
0.867566 0.882 0.8645675 0.85957 0.868
0.884 0.871 0.863568 0.847576 0.847576
0.863 0.863 0.857 0.861 0.876
0.865 0.862 0.857 0.874 0.865
0.8705645 0.849575 0.855572 0.845577 0.8765615
0.83958 0.877 0.86 0.859 0.864
0.839 0.858 0.86 0.882 0.847
0.866 0.8645675 0.869 0.864 0.87
0.854 0.863 0.874 0.865567 0.871
0.868 0.864 0.86 0.841 0.876
0.858 0.867 0.878 0.868 0.865
0.874 0.865 0.843 0.866 0.845
0.849 0.853 0.861 0.86 0.87
0.846 0.857 0.854 0.851 0.867566
0.86 0.858 0.844 0.868 0.868
0.87 0.8785605 0.887 0.887 0.842
0.865 0.868 0.865 0.87 0.852
0.86 0.848 0.872 0.869 0.868
0.856 0.833 0.861 0.8365815 0.85
0.842 0.865 0.856 0.869 0.862
0.856 0.846 0.874 0.863 0.864
0.8565715 0.849 0.871 0.84 0.87
0.847576 0.887 0.866 0.882 0.855
0.862 0.891 0.879 0.8625685 0.8865565
0.8725635 0.727 0.796 0.865 0.839
0.853 0.833 0.811 0.871 0.829
0.848 0.873 0.881 0.866 0.894
0.857 0.855 0.869 0.634 0.87
0.873 0.883 0.8705645 0.889555 0.851574
0.747 0.837 0.835 0.852 0.887
0.85957 0.8525735 0.861569 0.881559 0.873
0.865567 0.864 0.828 0.853573 0.873
0.863 0.874 0.868 0.858 0.8565715
0.847 0.869 0.871564 0.873 0.855
0.853 0.837 0.883 0.866 0.857
0.868 0.8745625 0.615 0.862 0.863
0.864 0.8625685 0.863 0.8345825 0.853573
0.883 0.869 0.865567 0.867 0.834
0.862 0.849 0.858 0.877 0.85
0.8585705 0.868 0.867 0.874 0.8485755
0.836 0.873 0.862 0.868 0.883
0.866 0.868 0.8705645 0.8765615 0.153
0.862 0.858 0.8745625 0.8565715 0.849575
0.869 0.851574 0.8525735 0.855 0.8465765
0.853 0.866 0.863568 0.856 0.877
0.861 0.867 0.851 0.886 0.869
0.867 0.849 0.873 0.84 0.824
0.887 0.872 0.863 0.874 0.858
0.862 0.828 0.851 0.855 0.845
0.855 0.865 0.868 0.863 0.863
0.864 0.879 0.861 0.844 0.86
0.852 0.845 0.849 0.883 0.87
0.867 0.869 0.872 0.867 0.884
0.859 0.873 0.85 0.859 0.867
0.873 0.847 0.866 0.845 0.855
0.866 0.878 0.856 0.86 0.863
0.86 0.853 0.873 0.878 0.87
0.888 0.859 0.881 0.869 0.857
0.841 0.865 0.866 0.875 0.857
0.858 0.872 0.867 0.873 0.868
0.867 0.871 0.881 0.878 0.873
0.86 0.856 0.86 0.854 0.863
0.854 0.878 0.857 0.843 0.869
0.885 0.871 0.876 0.849 0.886
0.85 0.866 0.879 0.882 0.854
0.858 0.871 0.862 0.867 0.872
0.879 0.851 0.845 0.85 0.863
0.858 0.872 0.877 0.854 0.874
0.861 0.858 0.857 0.851 0.87
0.866 0.877 0.842 0.848 0.864
0.8605695 0.873563 0.865567 0.856 0.861
0.871 0.86 0.844 0.861 0.854
0.847 0.863 0.866 0.8705645 0.848
0.867 0.842 0.867 0.863 0.874
0.872 0.853 0.856 0.865 0.865
0.8845575 0.8765615 0.8665665 0.845577 0.865567
0.847576 0.842 0.87 0.867 0.883
0.874 0.849 0.8625685 0.885 0.872
0.863 0.86 0.872 0.845 0.845
0.861 0.872 0.847 0.844 0.874
0.882 0.849 0.85 0.865 0.857
0.861 0.858 0.881 0.871 0.859
0.86 0.864 0.861 0.869 0.857571
0.873563 0.875562 0.848 0.865 0.888
0.852 0.879 0.843 0.864 0.852
0.84 0.868 0.861569 0.8525735 0.85957
0.867566 0.839 0.854 0.883 0.872
0.847 0.868 0.87 0.849575 0.853573
0.857571 0.8425785 0.857571 0.873563 0.857571
0.85957 0.867566 0.854 0.874 0.869
0.863 0.876 0.87 0.852 0.854
0.879 0.859 0.874 0.877 0.869
0.855 0.859 0.851 0.859 0.866
0.852 0.843 0.874 0.837 0.845
0.846 0.873 0.861 0.857 0.8645675
0.8825585 0.871 0.874 0.867 0.869
0.86 0.839 0.875 0.856 0.874
0.877 0.853 0.858 0.861 0.846
0.86 0.872 0.887 0.862 0.853
0.85 0.869 0.835 0.875562 0.883558
0.843578 0.8685655 0.863568 0.8565715 0.861
0.844 0.846 0.854 0.859 0.861
0.857571 0.857 0.871 0.865 0.87
0.869 0.866 0.862 0.854 0.832
0.866 0.863 0.867 0.8645675 0.868
0.866 0.859 0.877 0.877561 0.853573
0.8625685 0.8545725 0.856 0.866 0.868
0.874 0.861 0.865 0.868 0.845
0.872 0.867 0.858 0.858 0.849
0.873 0.867 0.866 0.845 0.842
0.852 0.868 0.866 0.848 0.849
0.864 0.862 0.865 0.858 0.881
0.885 0.897 0.876 0.87 0.866
0.847 0.847 0.849 0.864 0.873
0.875 0.865 0.868 0.857 0.854
0.873 0.872 0.866 0.859 0.887
0.841 0.873 0.87 0.852 0.886
0.863 0.866 0.867 0.854 0.842
0.856 0.855 0.866 0.866 0.87
0.877 0.878 0.844 0.847 0.856
0.872 0.865 0.868 0.83 0.865
0.862 0.854 0.876 0.862 0.8545725
0.856 0.847 0.863 0.863 0.869
0.863 0.886 0.881559 0.874 0.866
0.856 0.832 0.856 0.857 0.871
0.86 0.867 0.86 0.863 0.866
0.865 0.854 0.858 0.859 0.858
0.871 0.855 0.861 0.864 0.883
0.862 0.869 0.873 0.852 0.867
0.872 0.855 0.863 0.868 0.84
0.856 0.865 0.875 0.874 0.835
0.84 0.866 0.867566 0.8545725 0.857571
0.881559 0.847576 0.8525735 0.8665665 0.8365815
0.868 0.859 0.867 0.872 0.851
0.873 0.863 0.858 0.856 0.869
0.863 0.864 0.859 0.863 0.866
0.867 0.869 0.845 0.868 0.862
0.847 0.878 0.857 0.876 0.877
0.856 0.869 0.849575 0.84 0.853
0.86 0.868 0.876 0.869 0.863
0.846 0.883 0.866 0.852 0.876
0.87 0.864 0.866 0.865567 0.8425785
0.864 0.87 0.855 0.847 0.874
0.85 0.867132 0.864 0.85957 0.86
0.869 0.855572 0.877561 0.8585705 0.8505745
0.861569 0.888 0.837 0.871 0.859
0.857 0.871 0.855 0.846 0.86
0.859 0.859 0.858 0.849 0.866
0.862 0.864 0.861 0.883 0.865
0.879 0.866 0.855 0.862 0.851
0.861 0.864 0.85 0.87 0.86
0.866 0.856 0.855 0.871 0.857
0.864 0.854 0.861 0.856 0.875
0.869 0.872 0.853 0.873 0.871
0.861 0.852 0.861 0.87 0.871
0.86 0.864 0.873 0.865 0.846
0.848 0.859 0.878 0.8585705 0.869
0.859 0.859 0.862 0.887 0.882
0.858 0.842 0.862 0.873 0.868
0.868 0.872 0.847 0.853 0.881
0.873 0.855 0.864 0.858 0.865
0.867 0.882 0.883 0.865 0.859
0.864 0.869 0.847 0.865 0.864
0.878 0.855 0.858 0.864 0.856
0.848 0.864 0.876 0.888 0.878
0.859 0.866 0.872 0.895 0.859
0.841 0.875 0.855 0.855 0.8605695
0.8585705 0.869 0.851 0.865 0.843
0.866 0.861 0.861 0.853 0.861
0.857 0.859 0.842 0.863 0.867
0.859 0.874 0.858 0.868 0.848
0.868 0.864 0.845 0.854 0.872
0.847 0.848 0.865 0.85 0.856
0.864 0.882 0.87 0.871 0.858
0.854 0.862 0.863 0.857 0.866
0.871 0.896 0.866 0.865 0.853
0.846 0.853 0.857 0.85 0.856
0.866 0.87 0.852 0.863 0.888
0.864 0.865 0.867 0.867 0.874
0.874 0.859 0.867 0.86 0.856
0.852 0.868 0.878 0.867 0.849
0.866 0.88 0.868 0.871 0.865
0.864 0.847 0.848 0.861 0.868
0.866 0.85 0.866 0.868 0.87
0.879 0.865 0.873 0.854 0.863
0.887 0.876 0.859 0.865 0.866
0.861 0.876 0.864 0.864 0.857
0.874 0.853 0.845 0.865 0.869
0.863 0.852 0.863 0.848 0.857
0.86 0.871 0.869 0.876 0.864
0.841 0.859 0.876 0.883 0.865
0.845 0.848 0.879 0.835 0.847
0.853 0.856 0.852 0.857 0.877
0.87 0.855 0.859 0.853573 0.861569
0.878 0.853 0.856 0.862 0.867
0.868 0.871 0.873 0.8445775 0.884
0.873 0.858 0.857 0.881 0.863
0.862 0.858 0.857 0.84 0.841
0.87 0.86 0.853 0.861 0.856
0.866 0.839 0.869 0.87 0.853
0.884 0.864 0.86 0.867 0.867
0.857 0.863 0.852 0.871 0.887
0.867 0.854 0.864 0.863 0.849
0.859 0.863 0.854 0.849 0.859
0.869 0.879 0.864 0.857 0.874
0.868 0.859 0.8445775 0.869 0.871
0.868 0.85 0.864 0.857 0.865
0.871 0.846 0.859 0.8825585 0.875562
0.8665665 0.867 0.873 0.871 0.846
0.856 0.867 0.863 0.863 0.895
0.872 0.868 0.866 0.872 0.874
0.867 0.887 0.862 0.867 0.86
0.855 0.889 0.866 0.874 0.876
0.851 0.863 0.848 0.871 0.839
0.863 0.862 0.861 0.867 0.869
0.85 0.84 0.862 0.871 0.863
0.854 0.866 0.87 0.854 0.839
0.862 0.843 0.8745625 0.865 0.876
0.837581 0.848 0.861 0.856 0.8785605
0.867 0.879 0.863 0.877 0.841
0.864 0.891 0.85 0.866 0.861
0.876 0.869 0.88 0.863 0.874
0.859 0.853 0.85 0.849 0.866
0.862 0.86 0.86 0.868 0.85
0.873 0.859 0.854 0.853 0.865
0.8485755 0.8545725 0.876 0.859 0.888
0.858 0.862 0.851 0.857 0.86
0.851 0.863 0.871 0.853 0.849
0.884 0.853 0.858 0.869 0.861
0.857 0.872 0.861 0.866 0.857
0.875 0.856 0.859 0.866 0.851574
0.869565 0.855572 0.87 0.848 0.876
0.857 0.879 0.86 0.863 0.874
0.872 0.862 0.864 0.841 0.872
0.879 0.865 0.871564 0.855572 0.8665665
0.851574 0.8445775 0.847576 0.855572 0.851
0.869 0.863 0.873 0.847 0.86
0.866 0.865 0.856 0.869 0.85
0.861 0.853 0.8645675 0.863568 0.849575
0.859 0.875 0.88 0.872 0.865
0.861 0.868 0.8505745 0.855572 0.8665665
0.868 0.862 0.871 0.85 0.861
0.859 0.874 0.862 0.866 0.854
0.867 0.876 0.866 0.88 0.871
0.864 0.861 0.885 0.857 0.861
0.87 0.836 0.85 0.8625685 0.8565715
0.864 0.856 0.863 0.862 0.855
0.849 0.875 0.857 0.858 0.877
0.873 0.876 0.842 0.873 0.861
0.866 0.874 0.861 0.857 0.836
0.866 0.87 0.862 0.848 0.87
0.865 0.844 0.87 0.857 0.8525735
0.859 0.886 0.851574 0.871564 0.851574
0.8585705 0.867566 0.877561 0.855572 0.85
0.876 0.871 0.861 0.868 0.885
0.868 0.87 0.857571 0.85957 0.843
0.866 0.866 0.86 0.852 0.842
0.867 0.855 0.857 0.862 0.842
0.843 0.8545725 0.855 0.843 0.863568
0.846 0.865 0.857571 0.889 0.855572
0.851574 0.873563 0.863568 0.879 0.865
0.875 0.858 0.858 0.872 0.868
0.865 0.857571 0.853573 0.8505745 0.8725635
0.881559 0.859 0.8525735 0.8865565 0.865
0.881 0.873 0.863 0.857 0.868
0.858 0.846 0.861 0.857571 0.87
0.845 0.846 0.854 0.864 0.844
0.879 0.872 0.856 0.844 0.855
0.862 0.844 0.87 0.8505745 0.837581
0.8645675 0.847576 0.851574 0.855 0.864
0.845 0.868 0.873 0.873 0.87
0.862 0.87 0.855 0.848 0.868
0.872 0.863 0.857 0.865 0.874
0.862 0.855 0.872 0.869 0.889
0.877 0.862 0.872 0.858 0.882
0.877 0.851 0.854 0.863 0.849
0.853 0.86 0.85 0.862 0.873
0.865 0.854 0.849 0.87 0.838
0.87 0.853 0.862 0.857 0.87
0.835 0.851 0.852 0.877 0.849
0.854 0.863 0.852 0.86 0.868
0.845 0.868 0.843 0.856 0.866
0.876 0.876 0.867 0.88 0.85
0.873 0.859 0.867 0.852 0.87
0.862 0.878 0.864 0.874 0.859
0.848 0.849 0.841 0.854 0.854
0.863 0.883 0.86 0.869 0.866
0.856 0.869 0.874 0.856 0.86
0.843 0.865 0.868 0.848 0.862
0.876 0.861 0.875 0.864 0.871
0.847 0.871 0.856 0.841 0.865
0.857 0.866 0.876 0.869 0.87
0.877 0.8485755 0.865567 0.859 0.855
0.872 0.863 0.844 0.856 0.842
0.869 0.876 0.847 0.868 0.862
0.861 0.865 0.861 0.871 0.882
0.8345825 0.8485755 0.8465765 0.85957 0.8725635
0.8525735 0.861569 0.865 0.872 0.851
0.875 0.863 0.869 0.854 0.88
0.858 0.858 0.86 0.863 0.883
0.871 0.871 0.869 0.863 0.85
0.845 0.844 0.856 0.879 0.877
0.869 0.858 0.849 0.858 0.871
0.871 0.849 0.865 0.815 0.52
0.852 0.852 0.856 0.872 0.892
0.886 0.8805595 0.869565 0.8585705 0.8625685
0.855572 0.8585705 0.86 0.879 0.849
0.849 0.875562 0.873563 0.8585705 0.837
0.838 0.869 0.858 0.848 0.854
0.867 0.8625685 0.8465765 0.851 0.874
0.855572 0.861569 0.869565 0.863568 0.871564
0.869565 0.874 0.876 0.865 0.868
0.865 0.866 0.865 0.875 0.885
0.873 0.873 0.854 0.857 0.871
0.853 0.863 0.866 0.845 0.866
0.866 0.852 0.849 0.863 0.851
0.866 0.881 0.859 0.879 0.86
0.866 0.872 0.8425785 0.853573 0.8685655
0.858 0.885 0.864 0.86 0.858
0.8785605 0.8385805 0.863 0.865 0.844
0.871 0.878 0.881 0.854 0.862
0.859 0.873 0.87 0.857 0.868
0.854 0.876 0.87 0.866 0.859
0.875 0.863 0.852 0.869 0.859
0.866 0.894 0.863 0.853 0.887
0.856 0.873 0.845 0.865 0.875
0.88 0.852 0.857 0.864 0.876
0.855 0.855 0.886 0.862 0.873
0.852 0.877 0.86 0.85 0.866
0.871 0.847 0.848 0.886 0.853
0.871 0.86 0.862 0.873 0.846
0.865 0.857 0.862 0.8705645 0.8585705
0.857571 0.8625685 0.85957 0.863568 0.862
0.876 0.866 0.853 0.867 0.873
0.878 0.863 0.871 0.856 0.862
0.877 0.869 0.856 0.855 0.864
0.862 0.862 0.841 0.868 0.86
0.878 0.874 0.873 0.858 0.859
0.871 0.852 0.855 0.845 0.861
0.863 0.875 0.875 0.866 0.852
0.865 0.8805595 0.8625685 0.8445775 0.871564
0.861 0.85 0.85 0.86 0.857
0.854 0.869 0.873 0.854 0.863
0.873 0.865 0.856 0.869 0.875
0.87 0.853 0.867 0.86 0.878
0.867 0.857 0.871 0.868 0.839
0.853 0.863 0.858 0.872 0.864
0.873 0.86 0.867 0.846 0.848
0.854 0.864 0.846 0.853 0.856
0.862 0.853 0.866 0.875 0.862
0.857 0.879 0.881 0.857 0.864
0.856 0.873 0.866 0.859 0.874
0.872 0.875 0.867 0.847 0.855
0.842 0.869 0.863 0.864 0.864
0.86 0.869 0.862 0.864 0.866
0.863 0.867 0.87 0.866 0.86
0.877 0.862 0.861 0.854 0.846
0.849 0.856 0.847576 0.8705645 0.861569
0.845577 0.859 0.855 0.856 0.864
0.859 0.881 0.858 0.878 0.873
0.875 0.852 0.873 0.877 0.855
0.872 0.866 0.858 0.849 0.886
0.844 0.844 0.855 0.857 0.849
0.882 0.879 0.859 0.855 0.87
0.864 0.87 0.853 0.864 0.859
0.862 0.868 0.8545725 0.847576 0.867566
0.8545725 0.85957 0.8645675 0.8605695 0.8725635
0.873 0.868 0.862 0.867 0.867
0.871 0.867 0.8765615 0.869565 0.849575
0.8645675 0.841 0.85 0.874 0.853
0.871 0.853 0.852 0.863568 0.8565715
0.869565 0.871564 0.8765615 0.869565 0.8825585
0.849575 0.873563 0.848 0.864 0.861
0.84 0.849 0.853 0.865 0.874
0.867 0.873 0.878 0.859 0.875
0.875 0.865 0.868 0.873563 0.8665665
0.8725635 0.849 0.866 0.866 0.881559
0.8565715 0.8445775 0.865567 0.893553 0.857
0.851 0.853 0.881 0.851 0.844
0.892 0.856 0.851 0.867 0.873
0.87 0.858 0.855 0.869 0.846
0.88 0.854 0.846 0.867 0.869
0.865 0.872 0.875 0.879 0.849
0.863 0.855 0.871 0.857 0.855
0.86 0.864 0.863 0.843 0.86
0.849575 0.873563 0.877561 0.85957 0.873563
0.864 0.845 0.864 0.853 0.874
0.859 0.848 0.848 0.862 0.862
0.866 0.861 0.87 0.865 0.857
0.875 0.859 0.864 0.863 0.855
0.856 0.869 0.874 0.861 0.875
0.838 0.863 0.8625685 0.872 0.864
0.868 0.88 0.847 0.875 0.857
0.854 0.864 0.855 0.856 0.858
0.857 0.869 0.876 0.86 0.855
0.869 0.855 0.855 0.844 0.866
0.857571 0.851574 0.8565715 0.853573 0.847576
0.867 0.845 0.874 0.857 0.866
0.852 0.844 0.877 0.863 0.864
0.865 0.861 0.853 0.863 0.857
0.863 0.862 0.873 0.866 0.865
0.866 0.8645675 0.849575 0.865567 0.87956
0.866 0.865 0.865 0.855 0.867
0.856 0.876 0.859 0.868 0.836
0.868 0.871 0.867 0.849 0.86
0.86 0.859 0.863 0.866 0.856
0.846 0.847 0.851 0.848 0.85
0.858 0.864 0.854 0.863 0.857
0.865 0.87 0.862 0.8605695 0.83958
0.848 0.84 0.864 0.843 0.854
0.846 0.859 0.866 0.854 0.867
0.856 0.865 0.874 0.872 0.866
0.875 0.865 0.886 0.867 0.86
0.85 0.836 0.87 0.862 0.844
0.867 0.864 0.852 0.868 0.845
0.864 0.848 0.871 0.876 0.855
0.855 0.846 0.874 0.848 0.88
0.859 0.85 0.862 0.855 0.854
0.857 0.858 0.868 0.869 0.855572
0.8525735 0.8645675 0.8605695 0.8725635 0.869565
0.879 0.846 0.873 0.869 0.857
0.868 0.863 0.854 0.865 0.868
0.865 0.862 0.885 0.855 0.861
0.859 0.85 0.878 0.86 0.861
0.856 0.868 0.86 0.874 0.869
0.881 0.876 0.865 0.8745625 0.8705645
0.851574 0.855572 0.839 0.848 0.866
0.874 0.859 0.872 0.863 0.858
0.872 0.859 0.862 0.852 0.88
0.874 0.859 0.866 0.866 0.869
0.879 0.873 0.847 0.87 0.857
0.862 0.857 0.863 0.857 0.865
0.875 0.871 0.854 0.851 0.865
0.849 0.872 0.84 0.871 0.861
0.856 0.88 0.861 0.855 0.837
0.865 0.851 0.878 0.849 0.855
0.868 0.865 0.872 0.874 0.865
0.854 0.857 0.871 0.853 0.872
0.88 0.855 0.864 0.879 0.8485755
0.8645675 0.803 0.865 0.891 0.857
0.865 0.87 0.855 0.877 0.855
0.874 0.843 0.872 0.864 0.878
0.872 0.855 0.862 0.87 0.863
0.872 0.865567 0.8665665 0.853573 0.841579
0.867566 0.8745625 0.8585705 0.8785605 0.8645675
0.878 0.848 0.867 0.846 0.867
0.868 0.862 0.863 0.858 0.853
0.845 0.851 0.876 0.858 0.879
0.874 0.857 0.865 0.868 0.841
0.857 0.8485755 0.849575 0.869 0.859
0.843 0.864 0.857 0.851 0.862
0.87 0.871 0.861 0.866 0.861
0.845 0.871 0.86 0.864 0.869
0.865 0.865 0.849 0.863 0.862
0.8545725 0.8685655 0.845577 0.8485755 0.873563
0.8645675 0.8505745 0.869565 0.853573 0.8705645
0.854 0.874 0.882 0.87 0.897
0.865 0.878 0.857 0.869 0.85
0.844 0.865 0.868 0.873 0.84
0.869 0.866 0.86 0.873 0.849
0.873 0.842 0.8645675 0.88 0.869
0.873 0.864 0.872 0.843 0.851
0.876 0.875 0.874 0.858 0.848
0.854 0.875 0.87 0.85 0.863
0.861 0.879 0.872 0.866 0.871
0.87 0.851 0.852 0.868 0.887
0.858 0.869 0.867 0.842 0.87
0.877 0.864 0.886 0.842 0.876
0.861 0.872 0.874 0.874 0.872
0.856 0.863 0.853 0.855 0.8605695
0.877561 0.8585705 0.853573 0.869565 0.85957
0.8665665 0.855572 0.8585705 0.86 0.847
0.849 0.857 0.863 0.854 0.868
0.861 0.859 0.872 0.855 0.886
0.856 0.873 0.863 0.852 0.855
0.869 0.848 0.869 0.875 0.857
0.843 0.868 0.859 0.862 0.856
0.856 0.852 0.87 0.873 0.867
0.886 0.869 0.863 0.846 0.867
0.859 0.872 0.88 0.867 0.877
0.848 0.862 0.877 0.861 0.869
0.874 0.853 0.87 0.869 0.863
0.858 0.872 0.862 0.858 0.8525735
0.8565715 0.863568 0.8485755 0.8565715 0.8685655
0.8645675 0.865567 0.8765615 0.866 0.88
0.849 0.865 0.86 0.841 0.854
0.872 0.865 0.88 0.864 0.861
0.866 0.88 0.865 0.874 0.853
0.844 0.846 0.87 0.864 0.872
0.858 0.843 0.857 0.879 0.857
0.884 0.86 0.8625685 0.8665665 0.8465765
0.875562 0.865567 0.8545725 0.875 0.861
0.872 0.871 0.863 0.868 0.877
0.858 0.858 0.857 0.861 0.861
0.861 0.875 0.846 0.846 0.851
0.875 0.874 0.863 0.866 0.852
0.864 0.863 0.859 0.889 0.864
0.85 0.867 0.862 0.86 0.831
0.845 0.857 0.863 0.867 0.855
0.846 0.866 0.871 0.848 0.864
0.852 0.858 0.855 0.858 0.874
0.868 0.867 0.891 0.845 0.852
0.865 0.855 0.858 0.875 0.862
0.859 0.872 0.866 0.889 0.857
0.859 0.862 0.861 0.856 0.856
0.845 0.858 0.842 0.869 0.881
0.87 0.861 0.869 0.855 0.863
0.895 0.868 0.863 0.865 0.865
0.837 0.843 0.85 0.847 0.88
0.87 0.865 0.856 0.847 0.883
0.856 0.867 0.858 0.874 0.87
0.867 0.865 0.864 0.86 0.878
0.857 0.873 0.861 0.844 0.86
0.864 0.847 0.867 0.865 0.895
0.847 0.845 0.871 0.881 0.8605695
0.8785605 0.865567 0.861569 0.8705645 0.869
0.862 0.85 0.849 0.873 0.851
0.868 0.886 0.869 0.87 0.858
0.8665665 0.8645675 0.856 0.87 0.865
0.8745625 0.8645675 0.8645675 0.857571 0.8625685
0.851574 0.863 0.86 0.873 0.866
0.846 0.848 0.86 0.859 0.856
0.868 0.864 0.86 0.851 0.848
0.876 0.879 0.873 0.8445775 0.8745625
0.85957 0.847576 0.851574 0.845 0.843
0.868 0.85 0.86 0.87 0.857
0.875 0.853 0.865 0.867 0.875
0.861 0.842 0.862 0.86 0.871
0.868 0.863568 0.8665665 0.8725635 0.85957
0.865 0.845 0.871 0.873 0.873563
0.847 0.849 0.869 0.8685655 0.8505745
0.859 0.852 0.887 0.865 0.866
0.872 0.861 0.869 0.85 0.875
0.844 0.88 0.851 0.851 0.872
0.862 0.854 0.87 0.863 0.8785605
0.8505745 0.867566 0.8425785 0.8725635 0.8585705
0.865567 0.8745625 0.849575 0.8525735 0.8505745
0.8665665 0.845577 0.859 0.872 0.853
0.864 0.864 0.86 0.865567 0.8765615
0.8425785 0.849575 0.8525735 0.871564 0.8425785
0.8765615 0.8545725 0.855572 0.8745625 0.847
0.864 0.872 0.856 0.859 0.865
0.855 0.855 0.844 0.862 0.864
0.87 0.864 0.867 0.872 0.853
0.842 0.868 0.872 0.858 0.835
0.858 0.863 0.881 0.869 0.837
0.87 0.865 0.873 0.864 0.882
0.874 0.868 0.863 0.865 0.875
0.86 0.853 0.856 0.87 0.866
0.865 0.872 0.865 0.89 0.859
0.859 0.868 0.23 0.876 0.86
0.864 0.842 0.861 0.87 0.848
0.845 0.856 0.852 0.875 0.835
0.859 0.85 0.873 0.869 0.855
0.853 0.884 0.872 0.848 0.844
0.881 0.862 0.876 0.861 0.847
0.84 0.852 0.847 0.871 0.863
0.876 0.874 0.863 0.861 0.865
0.857 0.871 0.852 0.872 0.852
0.8645675 0.86 0.843 0.873 0.851
0.859 0.881 0.87 0.87 0.871
0.844 0.864 0.887556 0.8665665 0.8585705
0.8605695 0.853 0.865 0.873 0.853
0.861 0.852 0.873 0.86 0.859
0.873 0.857 0.861 0.863568 0.8445775
0.89955 0.8645675 0.8685655 0.8545725 0.831
0.866 0.863 0.866 0.868 0.846
0.847 0.843 0.855 0.843 0.875
0.871 0.888 0.857 0.878 0.8725635
0.8565715 0.867 0.865 0.887 0.87
0.852 0.856 0.853 0.843 0.869
0.856 0.863 0.865 0.88 0.858
0.871 0.857571 0.8565715 0.858 0.862
0.869 0.855 0.844 0.863 0.851
0.8665665 0.8765615 0.8765615 0.861569 0.863
0.863 0.855 0.879 0.876 0.8485755
0.8525735 0.856 0.857 0.839 0.84
0.883 0.847 0.851 0.866 0.864
0.833 0.866 0.884 0.868 0.857
0.866 0.89 0.862 0.857 0.8645675
0.87 0.866 0.86 0.882 0.846
0.851 0.868 0.855 0.849 0.878
0.85 0.854 0.89 0.868 0.8565715
0.873563 0.8425785 0.85 0.864 0.845
0.861 0.866 0.85 0.863 0.859
0.854 0.859 0.88 0.86 0.847576
0.8545725 0.8585705 0.864 0.858 0.854
0.838 0.848 0.874 0.853 0.868
0.844 0.863 0.865 0.885 0.879
0.861 0.858 0.856 0.861 0.854
0.86 0.856
