0.886 0.868 0.858 0.883 0.864
0.858 0.86 0.859 0.852 0.858
0.881 0.863568 0.881 0.872 0.879
0.859 0.849 0.915542 0.871 0.886
0.887556 0.853 0.892 0.84 0.829
0.817 0.809 0.86 0.793 0.813
0.881 0.892 0.641 0.911 0.983
0.913 0.668 0.826 0.874 0.851
0.886 0.848 0.8885555 0.888 0.885
0.894 0.873 0.869565 0.883 0.861
0.371 0.8825585 0.896 0.881 0.862
0.762 0.89 0.883 0.792 0.864
0.791 0.868 0.681 0.863568 0.849
0.88 1 0.9465265 0.884 0.899
0.794 0.857571 0.8465765 0.844 0.892
0.878 0.881 0.86 0.813 0.795
0.9995 0.9995 0.9645175 0.965517 0.965517
0.132 0.532 0.007 0.885 0.897
0.866 0.8465765 0.858 0.374 0.877561
0.8645675 0.854 0.868 0.86 0.862
0.8905545 0.8445775 0.744 0.849575 0.821
0.9265365 0.818 0.8345825 0.8425785 0.831584
0.8445775 0.847576 0.8225885 0.8565715 0.552
0.8645675 0.369 0.899 0.884 0.585
0.873 0.887 0.487 0.876 0.871
0.884 0.862 0.855 0.847 0.869565
0.869565 0.8405795 0.86 0.873 0.865
0.884 0.853 0.878 0.874 0.856
0.885 0.891 0.874 0.877 0.883
0.843 0.869 0.863568 0.888 0.861
0.875 0.866 0.868 0.871 0.858
0.863 0.895 0.883 0.883 0.867566
0.879 0.865 0.865 0.885 0.865
0.855 0.841579 0.889555 0.877 0.873
0.877 0.872 0.862 0.868 0.876
0.873 0.866 0.867 0.883 0.855
0.847 0.881 0.867 0.87 0.863
0.88 0.877 0.854 0.859 0.858
0.859 0.869 0.87 0.869 0.885
0.855 0.865 0.854 0.885 0.881
0.863 0.8765615 0.863 0.873 0.859
0.867 0.895 0.879 0.881 0.883
0.85 0.882 0.874 0.865 0.866
0.874 0.867 0.8565715 0.871564 0.888
0.868 0.867566 0.856 0.875 0.876
0.8725635 0.872 0.879 0.871 0.881
0.866 0.874 0.87 0.8565715 0.892
0.869 0.868 0.866 0.8625685 0.879
0.866 0.8745625 0.866 0.8745625 0.864
0.881 0.879 0.876 0.871 0.8865565
0.865567 0.877561 0.8605695 0.89 0.867566
0.8745625 0.862 0.851574 0.849575 0.862
0.868 0.861 0.8725635 0.875562 0.8825585
0.873 0.884 0.876 0.869 0.853
0.865 0.882 0.874 0.878 0.873
0.8645675 0.865567 0.853573 0.8685655 0.885557
0.8745625 0.872 0.861 0.887 0.851
0.877 0.866 0.859 0.88 0.876
0.849 0.873563 0.876 0.885 0.882
0.871 0.875 0.868 0.8725635 0.873
0.886 0.876 0.856 0.875 0.886
0.879 0.874 0.878 0.871 0.879
0.868 0.883 0.87 0.88 0.861
0.877 0.873 0.853 0.875 0.852
0.84 0.869 0.883 0.866 0.871564
0.864 0.867 0.869 0.896 0.864
0.885 0.887556 0.89 0.88 0.872
0.862 0.865 0.87 0.896 0.889
0.883 0.863 0.875 0.89 0.871
0.888 0.851 0.845 0.853573 0.863
0.864 0.879 0.88 0.872 0.857
0.876 0.858 0.888 0.88 0.877
0.8525735 0.863 0.865 0.875 0.882
0.8605695 0.865 0.886 0.879 0.873
0.9 0.885 0.88 0.849575 0.8745625
0.875562 0.717 0.803 0.874 0.888
0.883 0.85 0.852 0.854 0.85
0.869 0.879 0.876 0.887 0.861
0.85 0.892 0.879 0.657 0.867
0.866 0.854 0.8765615 0.8705645 0.863568
0.785 0.868 0.873 0.849 0.905
0.8785605 0.889555 0.8765615 0.9005495 0.854
0.853573 0.86 0.87 0.8885555 0.878
0.867 0.878 0.869 0.872 0.875562
0.871 0.878 0.8725635 0.866 0.853
0.882 0.86 0.872 0.87 0.858
0.883 0.873563 0.635 0.874 0.873
0.89 0.8645675 0.853 0.8605695 0.869565
0.874 0.865 0.8585705 0.851 0.87
0.875 0.874 0.848 0.872 0.865
0.8685655 0.856 0.873 0.869 0.87956
0.859 0.887 0.865 0.863 0.864
0.86 0.861 0.8845575 0.8685655 0.185
0.867 0.892 0.8585705 0.8545725 0.8745625
0.858 0.845577 0.8785605 0.864 0.8665665
0.879 0.87 0.855572 0.863 0.882
0.863 0.866 0.867 0.888 0.879
0.866 0.866 0.872 0.862 0.855
0.87 0.864 0.885 0.88 0.869
0.886 0.831 0.855 0.856 0.88
0.898 0.874 0.884 0.883 0.87
0.861 0.848 0.855 0.874 0.856
0.862 0.882 0.877 0.872 0.864
0.875 0.872 0.875 0.877 0.856
0.877 0.889 0.874 0.856 0.856
0.86 0.876 0.877 0.864 0.885
0.865 0.866 0.876 0.883 0.886
0.864 0.868 0.87 0.883 0.874
0.878 0.887 0.869 0.849 0.853
0.861 0.844 0.88 0.862 0.867
0.867 0.888 0.849 0.861 0.885
0.883 0.853 0.864 0.857 0.875
0.88 0.861 0.87 0.868 0.852
0.88 0.886 0.87 0.869 0.863
0.874 0.88 0.865 0.907 0.868
0.874 0.876 0.881 0.865 0.884
0.866 0.869 0.862 0.862 0.875
0.873 0.876 0.864 0.883 0.878
0.89 0.883 0.867 0.848 0.866
0.863 0.849 0.863 0.87 0.866
0.893 0.879 0.862 0.865 0.88
0.875562 0.8725635 0.873563 0.871 0.866
0.855 0.876 0.865 0.888 0.892
0.871 0.868 0.871 0.845577 0.858
0.872 0.88 0.864 0.862 0.87
0.865 0.867 0.875 0.862 0.875
0.87956 0.891554 0.8845575 0.8645675 0.877561
0.8785605 0.879 0.869 0.879 0.873
0.896 0.86 0.8725635 0.878 0.881
0.865 0.872 0.864 0.87 0.885
0.856 0.862 0.858 0.876 0.882
0.868 0.864 0.874 0.879 0.878
0.858 0.849 0.86 0.857 0.889
0.868 0.855 0.858 0.878 0.867566
0.8845575 0.861569 0.86 0.85 0.872
0.872 0.884 0.881 0.868 0.851
0.881 0.877 0.881559 0.8625685 0.8705645
0.889555 0.886 0.863 0.867 0.868
0.881 0.884 0.87 0.8705645 0.8805595
0.871564 0.865567 0.8825585 0.8745625 0.873563
0.863568 0.8625685 0.871 0.87 0.861
0.861 0.869 0.887 0.88 0.87
0.874 0.874 0.865 0.858 0.9
0.881 0.87 0.893 0.873 0.853
0.862 0.865 0.886 0.873 0.865
0.871 0.878 0.859 0.873 0.8945525
0.8805595 0.876 0.863 0.87 0.872
0.867 0.86 0.862 0.906 0.849
0.882 0.896 0.863 0.856 0.88
0.884 0.882 0.886 0.873 0.883
0.853 0.872 0.856 0.8825585 0.8825585
0.89955 0.873563 0.8705645 0.869565 0.886
0.893 0.866 0.872 0.895 0.875
0.871564 0.867 0.856 0.853 0.859
0.863 0.861 0.879 0.867 0.857
0.865 0.884 0.861 0.873563 0.883
0.857 0.863 0.877 0.867566 0.8785605
0.87956 0.869565 0.864 0.848 0.851
0.872 0.883 0.857 0.859 0.862
0.87 0.857 0.875 0.857 0.877
0.872 0.87 0.877 0.88 0.871
0.889 0.869 0.86 0.854 0.862
0.872 0.872 0.865 0.875 0.868
0.899 0.912 0.875 0.881 0.879
0.865 0.866 0.873 0.882 0.869
0.871 0.857 0.862 0.868 0.857
0.864 0.871 0.872 0.863 0.879
0.883 0.869 0.854 0.862 0.879
0.875 0.866 0.871 0.88 0.867
0.883 0.882 0.863 0.894 0.857
0.859 0.875 0.871 0.879 0.856
0.867 0.877 0.863 0.876 0.859
0.887 0.869 0.872 0.878 0.8805595
0.868 0.873 0.877 0.869 0.868
0.885 0.87 0.8765615 0.865 0.877
0.869 0.878 0.882 0.889 0.856
0.868 0.877 0.853 0.859 0.855
0.871 0.875 0.859 0.871 0.871
0.869 0.868 0.881 0.875 0.871
0.852 0.871 0.868 0.874 0.878
0.872 0.86 0.858 0.843 0.872
0.846 0.866 0.885 0.875 0.866
0.881 0.859 0.883558 0.85957 0.869565
0.8585705 0.867566 0.8585705 0.863568 0.8545725
0.877 0.867 0.889 0.864 0.874
0.87 0.87 0.885 0.888 0.868
0.876 0.879 0.871 0.876 0.859
0.888 0.873 0.891 0.882 0.871
0.898 0.871 0.876 0.875 0.898
0.863 0.888 0.871564 0.876 0.857
0.87 0.862 0.859 0.868 0.889
0.864 0.865 0.89 0.848 0.884
0.848 0.874 0.854 0.8765615 0.855572
0.863 0.877 0.87 0.876 0.867
0.876 0.8795576 0.877 0.8805595 0.87
0.848 0.8685655 0.8705645 0.8625685 0.8665665
0.8725635 0.872 0.873 0.869 0.863
0.861 0.884 0.864 0.875 0.883
0.864 0.85 0.889 0.874 0.872
0.868 0.873 0.883 0.879 0.879
0.862 0.873 0.866 0.883 0.875
0.876 0.88 0.87 0.853 0.873
0.875 0.876 0.858 0.87 0.866
0.875 0.872 0.885 0.88 0.878
0.877 0.872 0.871 0.881 0.879
0.854 0.88 0.864 0.858 0.861
0.873 0.873 0.863 0.857 0.874
0.868 0.87 0.881 0.871564 0.888
0.871 0.86 0.876 0.879 0.885
0.863 0.875 0.863 0.875 0.855
0.864 0.889 0.857 0.85 0.892
0.877 0.873 0.863 0.885 0.881
0.877 0.853 0.865 0.862 0.853
0.871 0.864 0.872 0.87 0.876
0.865 0.864 0.869 0.867 0.887
0.843 0.878 0.859 0.87 0.872
0.862 0.865 0.858 0.883 0.864
0.871 0.873 0.881 0.874 0.863568
0.871564 0.878 0.872 0.851 0.885
0.855 0.872 0.871 0.88 0.885
0.868 0.861 0.882 0.865 0.878
0.871 0.863 0.885 0.88 0.889
0.849 0.873 0.873 0.872 0.881
0.872 0.872 0.87 0.879 0.889
0.886 0.893 0.891 0.882 0.862
0.878 0.869 0.873 0.883 0.873
0.865 0.918 0.88 0.869 0.855
0.863 0.866 0.869 0.862 0.888
0.875 0.87 0.875 0.858 0.848
0.872 0.892 0.883 0.882 0.865
0.881 0.874 0.869 0.877 0.88
0.868 0.87 0.851 0.86 0.857
0.877 0.871 0.882 0.859 0.872
0.872 0.845 0.872 0.869 0.861
0.884 0.86 0.866 0.865 0.879
0.87 0.89 0.875 0.874 0.869
0.879 0.875 0.866 0.847 0.875
0.87 0.885 0.883 0.866 0.877
0.874 0.88 0.88 0.871 0.884
0.882 0.868 0.863 0.88 0.865
0.859 0.87 0.875 0.88 0.87
0.875 0.876 0.856 0.865 0.878
0.866 0.882 0.878 0.863 0.859
0.861 0.891 0.858 0.855 0.862
0.866 0.852 0.854 0.873563 0.85957
0.875 0.883 0.865 0.878 0.856
0.889 0.87 0.877 0.8805595 0.867
0.871 0.86 0.872 0.863 0.873
0.843 0.881 0.885 0.871 0.873
0.871 0.861 0.858 0.867 0.875
0.911 0.871 0.879 0.877 0.879
0.87 0.871 0.881 0.894 0.878
0.863 0.875 0.876 0.9 0.87
0.883 0.87 0.878 0.883 0.867
0.859 0.884 0.865 0.879 0.879
0.883 0.878 0.862 0.872 0.862
0.872 0.875 0.847576 0.865 0.842
0.867 0.878 0.872 0.884 0.869
0.879 0.865 0.862 0.875562 0.863568
0.8505745 0.868 0.861 0.876 0.864
0.867 0.873 0.854 0.875 0.864
0.842 0.857 0.863 0.865 0.883
0.892 0.872 0.857 0.856 0.869
0.871 0.873 0.872 0.866 0.903
0.869 0.843 0.866 0.877 0.891
0.863 0.883 0.861 0.88 0.863
0.867 0.863 0.864 0.87 0.875
0.873 0.884 0.877 0.876 0.862
0.889 0.856 0.871564 0.859 0.866
0.8705645 0.865 0.852 0.871 0.873563
0.871 0.88 0.868 0.885 0.876
0.9 0.857 0.874 0.856 0.877
0.871 0.868 0.867 0.873 0.878
0.885 0.884 0.87 0.884 0.879
0.892 0.869 0.882 0.886 0.85
0.872 0.853 0.867 0.879 0.867
0.8625685 0.8585705 0.895 0.881 0.868
0.882 0.886 0.87 0.873 0.87
0.87 0.873 0.873 0.881 0.869
0.857 0.87 0.863 0.859 0.878
0.894 0.864 0.877 0.862 0.857
0.88 0.851 0.848 0.858 0.863568
0.8745625 0.8825585 0.86 0.882 0.86
0.877 0.875 0.871 0.859 0.863
0.856 0.868 0.871 0.873 0.867
0.857 0.87 0.8645675 0.8645675 0.857571
0.8885555 0.8665665 0.8505745 0.8585705 0.862
0.875 0.849 0.888 0.873 0.863
0.856 0.875 0.889 0.872 0.873
0.87 0.897 0.8685655 0.883558 0.8785605
0.877 0.893 0.859 0.879 0.88
0.867 0.893 0.8765615 0.8525735 0.8565715
0.886 0.869 0.867 0.891 0.857
0.864 0.867 0.851 0.872 0.875
0.842 0.857 0.871 0.869 0.881
0.88 0.868 0.861 0.877 0.84
0.854 0.877 0.878 0.8725635 0.871564
0.887 0.859 0.861 0.858 0.877
0.856 0.877 0.887 0.856 0.865
0.866 0.867 0.859 0.868 0.87
0.891 0.858 0.858 0.867 0.866
0.868 0.885 0.892 0.877 0.863
0.858 0.861 0.838 0.86 0.861569
0.869 0.862 0.8665665 0.8545725 0.8825585
0.8945525 0.87956 0.871564 0.867566 0.873
0.874 0.864 0.875 0.868 0.878
0.854 0.872 0.877561 0.8745625 0.862
0.871 0.878 0.864 0.884 0.874
0.89 0.865 0.862 0.84 0.861
0.876 0.881559 0.869 0.832 0.855572
0.868 0.867 0.8665665 0.886 0.8705645
0.8765615 0.8645675 0.8625685 0.861 0.877
0.88 0.861 0.865 0.877 0.871
0.847 0.8645675 0.8945525 0.8605695 0.877561
0.867566 0.886 0.8685655 0.8785605 0.88
0.872 0.867 0.873 0.88 0.874
0.883 0.884 0.862 0.875562 0.865
0.887 0.875 0.866 0.876 0.869
0.867 0.893 0.863 0.859 0.856
0.871 0.871 0.892 0.8785605 0.8645675
0.873563 0.8725635 0.8705645 0.861 0.866
0.861 0.875 0.872 0.853 0.866
0.865 0.88 0.862 0.872 0.867
0.855 0.881 0.864 0.876 0.874
0.879 0.877 0.874 0.863 0.853
0.86 0.871 0.869 0.897 0.859
0.858 0.874 0.878 0.891 0.895
0.889 0.881 0.867 0.876 0.88
0.871 0.852 0.871 0.861 0.873
0.881 0.882 0.878 0.875 0.854
0.89 0.866 0.862 0.867 0.866
0.867 0.877 0.878 0.849 0.868
0.867 0.871 0.871 0.866 0.866
0.868 0.876 0.85 0.873 0.867
0.876 0.873 0.854 0.861 0.876
0.88 0.896 0.875 0.851 0.874
0.869 0.889 0.879 0.881 0.875
0.874 0.877 0.847 0.878 0.874
0.87 0.87 0.866 0.879 0.848
0.849 0.868 0.855 0.872 0.871
0.869 0.877 0.873 0.864 0.862
0.888 0.862 0.882 0.883 0.887
0.882 0.863 0.87 0.859 0.871
0.879 0.869565 0.873563 0.872 0.875
0.88 0.858 0.87 0.871 0.865
0.888 0.856 0.853 0.866 0.883
0.855 0.88 0.882 0.864 0.868
0.8865565 0.8705645 0.861569 0.897551 0.881559
0.877561 0.875562 0.886 0.896 0.888
0.875 0.879 0.886 0.881 0.867
0.871 0.873 0.874 0.857 0.836
0.87 0.88 0.88 0.871 0.87
0.856 0.871 0.882 0.875 0.89
0.852 0.889 0.882 0.863 0.874
0.875 0.887 0.869 0.848 0.627
0.881 0.858 0.867 0.858 0.865
0.852 0.8505745 0.8785605 0.8645675 0.885557
0.867566 0.8505745 0.88 0.881 0.868
0.868 0.861569 0.8685655 0.8745625 0.877
0.873 0.879 0.868 0.871 0.867
0.859 0.8785605 0.877561 0.878 0.848
0.855572 0.8605695 0.865567 0.871564 0.869565
0.885557 0.881 0.892 0.881 0.868
0.878 0.869 0.896 0.86 0.855
0.895 0.871 0.861 0.873 0.855
0.867 0.851 0.851 0.873 0.868
0.866 0.854 0.872 0.858 0.869
0.855 0.846 0.847 0.859 0.872
0.85 0.87 0.87956 0.8585705 0.869565
0.875 0.874 0.858 0.877 0.857
0.863568 0.855572 0.876 0.895 0.868
0.864 0.869 0.873 0.891 0.884
0.867 0.866 0.862 0.876 0.882
0.892 0.872 0.88 0.881 0.87
0.892 0.863 0.872 0.871 0.885
0.87 0.861 0.867 0.876 0.886
0.875 0.863 0.869 0.867 0.872
0.879 0.867 0.874 0.861 0.86
0.881 0.874 0.86 0.857 0.878
0.881 0.87 0.861 0.865 0.864
0.883 0.882 0.87 0.86 0.871
0.889 0.847 0.875 0.876 0.852
0.886 0.872 0.859 0.8725635 0.849575
0.8665665 0.8765615 0.865567 0.8645675 0.874
0.882 0.885 0.875 0.888 0.855
0.854 0.871 0.882 0.865 0.871
0.882 0.89 0.854 0.864 0.875
0.875 0.866 0.842 0.864 0.85
0.861 0.877 0.861 0.864 0.874
0.881 0.862 0.852 0.876 0.854
0.867 0.865 0.884 0.866 0.884
0.897 0.8745625 0.861569 0.867566 0.8745625
0.87 0.881 0.861 0.879 0.894
0.87 0.875 0.88 0.874 0.902
0.87 0.884 0.849 0.876 0.866
0.869 0.89 0.887 0.864 0.855
0.855 0.876 0.863 0.859 0.875
0.855 0.879 0.852 0.882 0.872
0.87 0.856 0.875 0.892 0.879
0.876 0.879 0.882 0.871 0.883
0.867 0.866 0.869 0.841 0.881
0.869 0.872 0.863 0.89 0.871
0.874 0.891 0.876 0.86 0.872
0.865 0.872 0.863 0.85 0.869
0.874 0.874 0.873 0.86 0.851
0.871 0.86 0.868 0.87 0.891
0.867 0.878 0.859 0.873 0.879
0.884 0.874 0.872 0.874 0.847
0.851 0.864 0.8625685 0.8825585 0.87956
0.861569 0.874 0.881 0.876 0.881
0.873 0.891 0.854 0.873 0.884
0.875 0.885 0.879 0.865 0.885
0.869 0.897 0.863 0.87 0.879
0.869 0.881 0.888 0.867 0.873
0.894 0.877 0.871 0.86 0.882
0.882 0.879 0.863 0.882 0.852
0.854 0.883 0.8585705 0.8665665 0.8665665
0.881559 0.881559 0.8845575 0.8785605 0.8605695
0.873 0.858 0.88 0.856 0.869
0.875 0.868 0.8745625 0.8685655 0.873563
0.861569 0.872 0.869 0.87 0.864
0.861 0.871 0.88 0.889555 0.8565715
0.863568 0.853573 0.8725635 0.871564 0.871564
0.85957 0.8745625 0.884 0.872 0.871
0.877 0.868 0.874 0.853 0.862
0.869 0.887 0.87 0.875 0.861
0.868 0.867 0.873 0.861569 0.889555
0.861569 0.877 0.87 0.874 0.8865565
0.861569 0.8725635 0.8545725 0.8725635 0.867
0.877 0.859 0.895 0.869 0.873
0.86 0.877 0.863 0.88 0.87
0.843 0.857 0.877 0.868 0.868
0.839 0.882 0.874 0.889 0.871
0.875 0.879 0.872 0.867 0.876
0.864 0.861 0.862 0.874 0.872
0.865 0.876 0.87 0.858 0.878
0.889555 0.8785605 0.8645675 0.883558 0.881559
0.857 0.896 0.875 0.853 0.876
0.883 0.884 0.864 0.884 0.866
0.877 0.869 0.853 0.851 0.879
0.872 0.871 0.868 0.865 0.877
0.888 0.891 0.867 0.875 0.881
0.86 0.867 0.885557 0.882 0.863
0.862 0.875 0.869 0.848 0.851
0.861 0.884 0.873 0.856 0.885
0.865 0.864 0.867 0.857 0.867
0.879 0.85 0.859 0.874 0.863
0.8825585 0.8745625 0.8845575 0.873563 0.8425785
0.854 0.865 0.867 0.862 0.853
0.871 0.866 0.873 0.878 0.881
0.86 0.87 0.864 0.89 0.884
0.863 0.86 0.88 0.872 0.854
0.875 0.8925535 0.8645675 0.8825585 0.8565715
0.881 0.869 0.861 0.872 0.857
0.876 0.881 0.868 0.876 0.852
0.863 0.876 0.883 0.899 0.862
0.873 0.877 0.869 0.843 0.853
0.882 0.876 0.87 0.891 0.862
0.873 0.882 0.854 0.854 0.858
0.875 0.852 0.841 0.8785605 0.8905545
0.87 0.882 0.868 0.886 0.866
0.863 0.871 0.861 0.873 0.879
0.868 0.86 0.876 0.881 0.847
0.865 0.879 0.864 0.864 0.867
0.887 0.867 0.862 0.887 0.873
0.847 0.876 0.871 0.855 0.871
0.87 0.881 0.888 0.872 0.869
0.882 0.861 0.859 0.876 0.854
0.856 0.857 0.855 0.871 0.857
0.868 0.877 0.887 0.844 0.8865565
0.8505745 0.8505745 0.85957 0.881559 0.8785605
0.859 0.865 0.872 0.878 0.864
0.885 0.864 0.865 0.888 0.877
0.86 0.846 0.876 0.889 0.885
0.863 0.874 0.87 0.857 0.892
0.869 0.881 0.872 0.859 0.866
0.855 0.887 0.868 0.8725635 0.8785605
0.871564 0.8785605 0.859 0.869 0.876
0.853 0.892 0.851 0.871 0.878
0.871 0.889 0.875 0.884 0.878
0.861 0.893 0.884 0.858 0.865
0.857 0.87 0.867 0.87 0.883
0.879 0.863 0.862 0.883 0.875
0.867 0.874 0.858 0.885 0.883
0.858 0.866 0.864 0.866 0.857
0.876 0.866 0.864 0.874 0.873
0.89 0.879 0.867 0.873 0.87
0.854 0.87 0.86 0.864 0.872
0.867 0.87 0.869 0.868 0.869
0.87 0.878 0.861 0.872 0.8745625
0.883558 0.788 0.866 0.86 0.859
0.88 0.879 0.893 0.868 0.877
0.868 0.854 0.887 0.868 0.885
0.866 0.856 0.869 0.881 0.886
0.864 0.8625685 0.871564 0.861569 0.8705645
0.883558 0.87956 0.8745625 0.877561 0.8785605
0.869 0.874 0.882 0.882 0.857
0.875 0.877 0.864 0.872 0.859
0.867 0.885 0.863 0.857 0.861
0.88 0.876 0.869 0.888 0.863
0.875 0.867566 0.863568 0.883 0.863
0.87 0.875 0.867 0.891 0.864
0.885 0.868 0.859 0.878 0.853
0.853 0.852 0.887 0.863 0.871
0.861 0.879 0.865 0.857 0.877
0.8565715 0.8665665 0.861569 0.8705645 0.865567
0.8665665 0.8785605 0.8525735 0.861569 0.8665665
0.87 0.874 0.87 0.863 0.866
0.863 0.859 0.855 0.867 0.861
0.884 0.838 0.871 0.87 0.868
0.865 0.882 0.872 0.874 0.864
0.853 0.866 0.8685655 0.873 0.873
0.887 0.88 0.88 0.864 0.878
0.868 0.886 0.888 0.872 0.884
0.876 0.876 0.865 0.873 0.871
0.886 0.887 0.879 0.844 0.869
0.873 0.877 0.88 0.856 0.892
0.859 0.861 0.873 0.868 0.864
0.872 0.883 0.861 0.869 0.887
0.87 0.878 0.883 0.892 0.871
0.866 0.888 0.88 0.873 0.875562
0.883558 0.881559 0.867566 0.867566 0.869565
0.851574 0.855572 0.8785605 0.869 0.869
0.875 0.864 0.86 0.88 0.87
0.868 0.876 0.857 0.85 0.865
0.861 0.854 0.856 0.875 0.86
0.891 0.877 0.852 0.841 0.867
0.874 0.871 0.864 0.871 0.881
0.863 0.884 0.866 0.874 0.878
0.867 0.872 0.871 0.894 0.88
0.861 0.878 0.877 0.878 0.846
0.865 0.872 0.863 0.884 0.875
0.867 0.866 0.864 0.871 0.883
0.878 0.874 0.858 0.885 0.871564
0.869565 0.85957 0.871564 0.8685655 0.8645675
0.875562 0.873563 0.851574 0.876 0.878
0.877 0.863 0.849 0.878 0.852
0.866 0.863 0.884 0.858 0.86
0.868 0.862 0.89 0.881 0.878
0.858 0.891 0.882 0.871 0.882
0.869 0.866 0.858 0.865 0.866
0.871 0.855 0.8705645 0.871564 0.8625685
0.881559 0.867566 0.8765615 0.865 0.867
0.861 0.862 0.872 0.883 0.888
0.874 0.875 0.859 0.872 0.862
0.882 0.862 0.869 0.885 0.883
0.885 0.874 0.866 0.878 0.87
0.876 0.886 0.86 0.876 0.867
0.886 0.865 0.873 0.882 0.873
0.869 0.873 0.87 0.873 0.853
0.86 0.864 0.861 0.869 0.883
0.861 0.861 0.876 0.874 0.861
0.87 0.872 0.886 0.878 0.861
0.878 0.869 0.868 0.886 0.852
0.894 0.89 0.881 0.881 0.865
0.888 0.857 0.867 0.873 0.875
0.878 0.862 0.861 0.852 0.86
0.867 0.875 0.87 0.869 0.857
0.866 0.881 0.869 0.878 0.877
0.859 0.874 0.864 0.875 0.869
0.856 0.862 0.869 0.861 0.866
0.9 0.876 0.873 0.881 0.873
0.868 0.875 0.879 0.873 0.878
0.864 0.87 0.86 0.882 0.871
0.889 0.886 0.88 0.872 0.893
0.862 0.868 0.879 0.88 0.8545725
0.869565 0.8705645 0.895552 0.863568 0.871
0.877 0.877 0.873 0.872 0.857
0.875 0.866 0.855 0.883 0.885
0.8765615 0.871564 0.857 0.872 0.874
0.8745625 0.8685655 0.8765615 0.8625685 0.869565
0.875562 0.873 0.859 0.879 0.863
0.875 0.863 0.865 0.851 0.878
0.844 0.862 0.856 0.874 0.879
0.868 0.87 0.851 0.877561 0.8745625
0.869565 0.8685655 0.881559 0.869 0.87
0.881 0.857 0.876 0.891 0.868
0.868 0.882 0.851 0.873 0.877
0.877 0.885 0.862 0.873 0.861
0.864 0.865567 0.861569 0.8765615 0.883558
0.864 0.853 0.879 0.877 0.8805595
0.872 0.893 0.849 0.861569 0.8765615
0.867 0.854 0.868 0.869 0.862
0.872 0.877 0.87 0.855 0.864
0.887 0.86 0.882 0.85 0.864
0.872 0.888 0.863 0.883 0.8725635
0.8625685 0.863568 0.863568 0.863568 0.855572
0.85957 0.8605695 0.861569 0.871564 0.865567
0.883558 0.863568 0.882 0.874 0.868
0.862 0.868 0.876 0.8625685 0.8865565
0.8765615 0.865567 0.867566 0.85957 0.8805595
0.861569 0.871564 0.885557 0.8685655 0.875
0.859 0.891 0.87 0.878 0.868
0.857 0.867 0.873 0.865 0.859
0.875 0.876 0.855 0.881 0.86
0.864 0.874 0.871 0.857 0.868
0.867 0.873 0.877 0.866 0.865
0.866 0.862 0.87 0.861 0.87
0.86 0.874 0.878 0.85 0.875
0.872 0.854 0.869 0.853 0.857
0.867 0.867 0.871 0.882 0.892
0.878 0.878 0.256 0.856 0.882
0.859 0.87 0.882 0.88 0.863
0.866 0.872 0.885 0.867 0.872
0.866 0.865 0.856 0.876 0.874
0.894 0.863 0.867 0.871 0.868
0.864 0.874 0.873 0.858 0.849
0.862 0.879 0.885 0.88 0.885
0.873 0.856 0.851 0.866 0.869
0.859 0.876 0.873 0.857 0.869
0.8585705 0.863 0.887 0.884 0.877
0.886 0.859 0.858 0.873 0.871
0.862 0.888 0.8565715 0.9045475 0.8545725
0.867566 0.867 0.89 0.849 0.874
0.874 0.883 0.869 0.876 0.857
0.869 0.874 0.874 0.8725635 0.8525735
0.8685655 0.857571 0.869565 0.8925535 0.877
0.865 0.865 0.892 0.876 0.874
0.866 0.863 0.877 0.88 0.881
0.869 0.878 0.892 0.872 0.8785605
0.837581 0.876 0.878 0.882 0.875
0.868 0.864 0.866 0.89 0.865
0.882 0.873 0.865 0.876 0.862
0.871 0.845577 0.8485755 0.876 0.872
0.873 0.85 0.878 0.864 0.86
0.8645675 0.8545725 0.8645675 0.8585705 0.865
0.891 0.858 0.877 0.873 0.8745625
0.8365815 0.851 0.858 0.861 0.873
0.87 0.87 0.88 0.876 0.859
0.87 0.862 0.867 0.872 0.84
0.871 0.865 0.86 0.884 0.867566
0.867 0.851 0.885 0.847 0.857
0.855 0.888 0.857 0.889 0.864
0.856 0.863 0.854 0.861 0.863568
0.863568 0.865567 0.883 0.868 0.879
0.862 0.859 0.888 0.884 0.869
0.872 0.877 0.859 0.876 0.875562
0.85957 0.861569 0.872 0.881 0.858
0.866 0.865 0.869 0.878 0.888
0.865 0.876 0.876 0.865 0.863
0.864 0.872 0.862 0.873 0.862
0.884 0.877
